1246273	32.2346	-1.25414	2.74455	37.749	-2.26384	-0.447424	1	0	1	1	1	1	-1	3.25193	5	1	0	0	0	2	0	0	0	0	1	0	0	0	0	
694969	43.7213	-0.730958	-0.939094	31.661	-1.56185	1.90356	1	0	1	1	1	-1	1	2.96159	1	1	1	1	1	2	2	2	6	6	1	1	1	1	1	
1366898	55.8825	-0.443446	1.70387	46.2022	-1.08448	-1.40875	1	0	1	1	1	1	-1	3.17795	5	1	1	1	1	2	2	2	9	7	1	1	1	1	1	
79570991	37.8611	0.166243	1.93432	33.9837	-1.11066	-0.909284	1	0.0159343	1	1	1	-1	1	3.11714	1	1	1	1	1	2	2	2	6	6	1	1	1	1	1	
79662721	35.235	-0.883904	-1.35552	32.1065	0.255549	1.81038	1	0.0196495	1	1	1	-1	1	3.31901	5	1	1	0	0	2	2	0	0	0	1	1	0	0	0	
79668722	33.2417	0.902664	-0.25234	31.3428	-0.149141	2.80864	1	0	1	1	1	1	-1	3.23665	5	1	1	0	0	3	3	0	0	0	1	1	0	0	0	
79670891	32.8437	-1.61011	-1.17986	33.7102	-0.0154141	1.59929	1	0	1	1	1	-1	1	3.20417	6	1	1	0	1	2	2	0	6	6	1	1	0	1	1	
79848057	34.8203	0.99913	-0.563591	39.7583	-0.431032	2.63663	1	0	1	1	1	1	-1	3.39854	1	1	1	0	0	2	2	0	0	0	1	1	0	0	0	
79850998	33.9365	0.249814	0.928032	32.9905	-0.418645	-2.21061	1	0	1	1	1	-1	1	3.20903	5	1	1	0	1	2	2	0	6	7	1	1	0	1	1	
79851449	48.8828	1.02969	2.3321	37.1951	0.176997	-0.894683	1	0	1	1	1	1	-1	3.17312	1	1	1	1	0	2	2	2	0	0	1	1	1	0	0	
96608660	36.5958	0.81849	1.80233	30.6601	-1.96307	-1.26927	1	0	1	1	1	-1	1	4.14389	6	1	1	1	1	2	2	2	6	7	1	1	1	1	1	
100682577	70.0923	0.25384	-1.08131	33.0662	0.814692	-2.7065	1	0	1	1	1	1	-1	1.71924	5	1	1	1	0	2	2	2	0	0	1	1	1	0	0	
100689551	40.6814	-0.191924	1.18733	32.9555	0.537737	-1.93975	1	0	1	1	1	-1	1	3.21108	5	1	1	1	1	2	2	2	6	6	1	1	1	1	1	
100699702	29.4846	0.890177	-2.5677	36.1304	1.4085	0.445716	1	0	1	1	1	-1	1	3.05767	5	1	0	0	1	2	0	0	6	7	1	0	0	1	1	
20916	29.5322	-1.77916	-0.377484	48.6258	-0.569032	-2.81829	1	0	1	1	1	1	-1	2.72433	6	1	1	1	0	2	2	2	0	0	1	1	0	0	0	
38848	25.8881	0.577155	-0.771954	36.3327	-0.382487	2.40643	1	0	1	1	1	1	-1	3.24972	5	0	0	0	1	0	0	0	6	6	0	0	0	1	1	
43947	36.7108	0.12951	-2.12971	56.5417	1.05198	0.475705	1	0	1	1	1	-1	1	2.7639	5	1	1	1	1	2	2	2	7	6	1	1	1	1	1	
83591	30.1984	0.167174	-1.01133	34.3161	-0.892968	2.12993	1	0	1	1	1	-1	1	3.31533	5	1	0	0	1	2	0	0	7	7	1	0	0	1	1	
5909009	47.5093	-0.38427	-0.368364	78.7138	-1.59734	2.73515	1	0	1	1	1	1	-1	3.33217	5	1	1	1	1	2	2	2	6	7	1	1	1	1	1	
22157306	37.2877	-0.150523	-2.78574	32.4109	-0.854074	0.348648	1	0.0181271	1	1	1	-1	1	3.21237	5	1	1	1	1	2	2	2	6	7	1	1	1	1	1	
22094572	34.9455	-0.718057	-0.224709	36.2265	-1.26523	2.92467	1	0	1	1	1	1	-1	3.18122	5	1	1	0	0	2	2	0	0	0	1	1	0	0	0	
22101308	36.1294	1.90226	0.0789297	31.6288	0.328585	-2.86149	1	0.00984524	1	1	1	-1	1	3.33505	5	1	1	0	1	2	2	0	6	6	1	1	0	1	1	
22103754	42.5131	0.476443	1.80115	39.9325	-0.0357996	-0.167656	1	0	1	1	1	1	-1	2.03436	5	1	1	1	0	2	2	2	0	0	1	1	1	0	0	
22137384	31.2512	-0.436339	-1.13268	37.618	0.072752	1.98626	1	0	1	1	1	1	-1	3.16021	5	1	0	0	0	2	0	0	0	0	1	0	0	0	0	
22138278	28.7774	0.526746	-2.50708	43.5486	1.33599	-1.21343	1	0.0530025	1	1	1	1	-1	1.52592	5	1	0	0	1	2	0	0	7	7	1	0	0	1	1	
22140900	26.8066	-0.040262	-1.88721	40.4245	-0.850385	1.49235	1	0	1	1	1	-1	1	3.01452	5	1	0	0	1	2	0	0	6	7	1	0	0	1	1	
22140985	28.7982	0.376217	1.66036	32.4101	0.921645	-1.53442	1	0.0534649	1	1	1	-1	1	3.1362	5	1	0	0	1	2	0	0	7	6	1	0	0	1	1	
22148229	41.5619	0.105904	-1.33075	33.8195	0.965069	1.40351	1	0	1	1	1	1	-1	2.86607	5	1	1	1	1	2	2	2	6	6	1	1	1	1	1	
22608879	33.0226	-0.528601	0.195413	34.256	0.257574	-3.07045	1	0.00585868	1	1	1	-1	1	3.11807	5	1	0	0	0	2	0	0	0	0	1	0	0	0	0	
22613627	32.6988	-0.270048	1.32219	38.6517	0.623627	-1.99786	1	0	1	1	1	-1	1	3.09497	5	1	1	0	1	2	2	0	8	9	1	1	0	1	1	
37849262	47.9411	1.58842	2.65208	59.5613	0.684285	-0.451815	1	0	1	1	1	1	-1	3.2329	1	1	1	1	0	2	2	2	0	0	1	1	1	0	0	
395374	29.2172	1.16139	-1.76638	49.0587	2.13431	1.38749	1	0	1	1	1	-1	1	3.27706	1	1	0	0	0	2	0	0	0	0	1	0	0	0	0	
423352	26.4474	-0.306502	-0.242431	38.6471	0.234601	-2.88461	1	0	1	1	1	1	-1	2.69702	5	0	0	0	1	0	0	0	6	6	0	0	0	1	1	
427301	29.7956	1.56282	-0.730597	39.6527	0.550577	1.12738	1	0.0237228	1	1	1	-1	1	2.11582	5	1	0	0	1	2	0	0	6	6	1	0	0	1	1	
860701	25.3531	0.0529515	0.45789	41.3883	-1.79779	-2.53491	1	0	1	1	1	-1	1	3.51882	5	0	0	0	1	0	0	0	8	10	0	0	0	1	1	
1645188	28.9136	0.596235	-1.79442	38.9334	-0.628511	1.39999	1	0.0128434	1	1	1	1	-1	3.32272	5	1	0	0	1	2	0	0	9	9	1	0	0	1	1	
1647935	28.0283	1.58791	0.252513	44.1444	2.10623	-2.84	1	0.018369	1	1	1	-1	1	3.13564	5	1	0	0	0	2	0	0	0	0	1	0	0	0	0	
869765	25.7836	-0.859244	1.05704	35.6556	0.235714	-2.16238	1	0	1	1	1	-1	1	3.25355	5	0	0	0	1	0	0	0	6	7	0	0	0	1	1	
873828	52.3493	0.258245	1.86926	35.1048	1.03951	-3.12988	1	0	1	1	1	1	-1	1.50304	5	1	1	1	1	2	2	2	8	10	1	1	1	1	1	
17255299	32.9256	0.170094	-3.01892	49.9631	-0.845719	0.190512	1	0.0375128	1	1	1	-1	1	3.23726	1	1	1	0	0	2	2	0	0	0	1	1	0	0	0	
17255801	65.8528	-1.7426	-2.87922	74.6606	-0.794555	0.677444	1	0	1	1	1	1	-1	2.88665	5	1	1	1	1	2	2	2	6	6	1	1	1	1	1	
9136111	30.9599	1.37096	1.60039	30.0424	2.07435	-0.79662	1	0	1	1	1	1	-1	2.49808	5	1	0	0	1	2	0	0	6	6	1	0	0	1	1	
9138304	41.9496	-0.334829	-2.98658	32.8832	-1.0377	0.143688	1	0	1	1	1	1	-1	3.20821	5	1	1	1	1	2	2	2	5	9	1	1	1	1	1	
9173004	37.3498	1.05025	1.34048	35.8857	0.0607118	-1.76557	1	0	1	1	1	-1	1	3.25987	5	1	1	1	0	2	2	2	0	0	1	1	1	0	0	
12136693	31.0983	-0.530275	-2.9862	39.475	0.0682112	0.274021	1	0.00750176	1	1	1	-1	1	3.08164	5	1	0	0	1	2	0	0	6	6	1	0	0	1	1	
12806341	37.9495	-0.591299	2.58983	55.411	0.226636	0.904302	1	0	1	1	1	1	-1	1.8735	5	1	1	1	1	2	2	2	8	7	1	1	1	1	1	
12654875	28.9726	-1.12722	0.178677	36.5966	-0.582587	-2.90378	1	0	1	1	1	-1	1	3.13021	5	1	0	0	1	2	0	0	6	6	1	0	0	1	1	
12668470	39.5992	1.73395	2.23794	41.3458	0.773011	-1.02523	1	0	1	1	1	-1	1	3.16921	6	1	1	1	0	2	2	2	0	0	1	1	1	0	0	
15511055	37.7019	0.863598	-0.869078	40.6195	-0.178673	2.54547	1	0.0127141	1	1	1	1	-1	3.05212	5	1	1	1	1	2	2	2	6	6	1	1	1	1	1	
15513313	39.3812	-0.497133	-2.60922	32.5181	0.572236	0.356668	1	0.00805836	1	1	1	1	-1	3.15279	5	1	1	1	0	2	2	2	0	0	1	1	1	0	0	
15516289	31.4411	1.1106	0.829696	31.6257	1.71499	-2.46277	1	0.0130954	1	1	1	1	-1	3.05118	5	1	0	0	0	2	0	0	0	0	1	0	0	0	0	
15537219	37.3131	-1.21823	2.35984	40.8871	-0.440033	-1.25544	1	0	1	1	1	-1	1	2.77908	5	1	1	1	1	2	2	2	7	7	1	1	1	1	1	
15537474	45.0939	0.613333	0.6281	41.6107	-1.06229	-2.38973	1	0.00438173	1	1	1	1	-1	3.45181	5	1	1	1	1	2	2	2	6	6	1	1	1	1	1	
15548827	28.2535	-0.754013	2.80625	36.7467	-1.73366	-0.574703	1	0	1	1	1	1	-1	3.06311	5	1	0	0	0	2	0	0	0	0	1	0	0	0	0	
16288238	34.4036	1.8772	3.09168	46.4059	1.28829	-0.631747	1	0	1	1	1	1	-1	2.62663	5	1	1	0	1	2	2	0	4	6	1	1	0	1	1	
2821688	31.5097	1.30142	-0.991944	38.8637	0.507792	2.08524	1	0.0049889	1	1	1	1	-1	3.17788	5	1	0	0	0	2	0	0	0	0	1	0	0	0	0	
1628696	30.082	-0.785334	-2.32567	37.9288	-1.56583	0.651682	1	0	1	1	1	1	-1	3.07795	1	1	0	0	0	2	0	0	0	0	1	0	0	0	0	
39360463	34.8318	0.842087	0.79548	34.4713	2.28875	-3.05779	1	0	1	1	1	-1	1	2.82796	5	1	1	1	0	2	2	2	0	0	1	1	1	0	0	
39449674	28.9857	0.383377	-1.7617	38.5459	-0.54049	1.13641	1	0.0536516	1	1	1	1	-1	3.0418	5	1	0	0	0	2	0	0	0	0	1	0	0	0	0	
69351665	28.6156	-0.543222	0.815453	33.4578	1.07396	-2.4091	1	0.0259955	1	1	1	1	-1	3.45984	5	1	0	0	0	2	0	0	0	0	1	0	0	0	0	
69407207	34.5307	0.910392	-0.18134	31.8773	0.308654	2.72645	1	0.00608727	1	1	1	-1	1	2.9694	5	1	1	0	0	2	2	0	0	0	1	1	0	0	0	
112544017	28.9309	-1.58894	2.99544	31.9858	-0.628379	-0.44375	1	0.111206	1	1	1	1	-1	3.00183	5	1	0	0	0	2	0	0	0	0	1	0	0	0	0	
112544526	27.4366	0.457328	-0.564221	36.0512	-0.515421	2.622	1	0.117242	1	1	1	1	-1	3.24614	5	0	0	0	1	0	0	0	8	9	0	0	0	1	1	
112545580	29.0246	0.236668	1.89733	34.1556	-0.501557	-1.30461	1	0.0847724	1	1	1	-1	1	3.16845	5	1	0	0	0	2	0	0	0	0	1	0	0	0	0	
112552621	65.5476	-0.769703	-0.873295	69.9003	0.36035	2.24685	1	0.01669	1	1	1	1	-1	3.31848	5	1	1	1	1	2	2	2	6	8	1	1	1	1	1	
112558014	26.2866	-0.781787	1.00826	35.9914	-0.137908	-0.967024	1	0	1	1	1	-1	1	2.07757	5	0	0	0	1	0	0	0	5	7	0	0	0	1	1	
112566848	35.9121	-1.44088	2.99733	42.3935	-0.744032	-0.0554331	1	0.096924	1	1	1	-1	1	3.13129	5	1	1	1	1	2	2	2	9	10	1	1	1	1	1	
112696104	27.8606	-0.860358	1.53642	37.4784	-0.0801731	-1.63453	1	0.0210187	1	1	1	1	-1	3.20854	5	1	0	0	1	2	0	0	6	6	1	0	0	1	1	
112702333	48.655	2.00614	-1.21277	35.7775	0.254892	1.93595	1	0	1	1	1	-1	1	3.59051	5	1	1	1	1	2	2	2	6	8	1	1	1	1	1	
113545065	43.576	-0.175831	2.35457	31.4127	0.402089	-0.796577	1	0	1	1	1	-1	1	3.18491	5	1	1	1	0	2	2	2	0	0	1	1	1	0	0	
501097	29.0487	-0.765188	-1.2972	39.5479	0.350012	0.515507	1	0	1	1	1	-1	1	2.12828	5	1	0	0	1	2	0	0	6	6	1	0	0	1	1	
504316	32.787	-1.9646	3.07318	46.2402	-1.29757	-0.0862652	1	0.028777	1	1	1	-1	1	3.19416	5	1	0	0	0	2	0	0	0	0	1	0	0	0	0	
597822	28.0609	-1.82155	-2.61605	32.0681	-0.384616	0.706331	1	0	1	1	1	1	-1	3.29107	5	1	0	0	0	2	0	0	0	0	1	0	0	0	0	
1962431	31.1362	1.97854	-0.69429	40.4597	0.81079	0.68743	1	0.0170598	1	1	1	-1	1	1.80909	5	1	0	0	1	3	0	0	5	6	1	0	0	1	1	
1979617	31.1029	-1.90221	1.61151	32.4529	0.083566	-1.48332	1	0.00680971	1	1	1	1	-1	3.67713	1	1	0	0	1	2	0	0	8	9	1	0	0	1	1	
2033933	32.6152	1.09597	-0.0208853	31.463	1.73699	2.43409	1	0.0151171	1	1	1	1	-1	2.53728	5	1	0	0	0	2	0	0	0	0	1	0	0	0	0	
2034008	36.9215	0.782799	-1.16588	36.3428	-0.346806	1.9367	1	0.0143484	1	1	1	-1	1	3.30182	6	1	1	1	0	2	2	2	0	0	1	1	1	0	0	
2179110	26.6509	0.544361	-2.45679	35.6756	0.0202486	0.536877	1	0.0296678	1	1	1	1	-1	3.0392	5	0	0	0	1	0	0	0	6	6	0	0	0	1	1	
2837149	39.3657	1.87355	2.58169	31.9178	1.02616	-0.460963	1	0.0142431	1	1	1	-1	1	3.15845	5	1	1	1	1	2	2	2	8	7	1	1	1	1	1	
2889937	27.4187	-0.459823	1.60156	37.0169	0.75974	-1.25651	1	0	1	1	1	-1	1	3.1074	5	1	0	0	1	2	0	0	5	9	1	0	0	1	1	
2892125	31.4227	0.855741	-1.17528	33.2827	0.332299	1.80761	1	0	1	1	1	1	-1	3.02847	5	1	0	0	1	2	0	0	6	8	1	0	0	1	1	
6019745	29.8075	0.543726	-1.60618	48.7101	-0.0953817	-0.355844	1	0	1	1	1	-1	1	1.40421	5	1	0	0	0	2	0	0	0	0	1	0	0	0	0	
58660739	27.3145	-1.37879	2.00205	66.917	-2.09166	1.25822	1	0	1	1	1	-1	1	1.03027	5	0	0	0	1	0	0	0	6	7	0	0	0	1	1	
58663638	42.0573	-2.00884	2.23679	30.7202	-1.25705	-0.778143	1	0.00951831	1	1	1	1	-1	3.10725	5	1	1	1	0	2	2	2	0	0	1	1	1	0	0	
58697603	34.8515	0.963786	-1.61576	38.0136	0.00159096	1.17985	1	0.00771991	1	1	1	1	-1	2.95656	5	1	1	1	1	2	2	2	6	9	1	1	1	1	1	
59692705	44.9289	0.711056	0.0923992	31.1826	-0.16618	1.05703	1	0	1	1	1	-1	1	1.30386	5	1	1	1	0	2	2	2	0	0	1	1	1	0	0	
59693099	46.4073	-1.27892	-3.00744	56.559	-0.693324	0.157353	1	0	1	1	1	-1	1	3.1729	5	1	1	1	1	2	2	2	7	7	1	1	1	1	1	
59875959	30.2663	0.265598	1.50753	30.5225	-0.734253	-1.59349	1	0	1	1	1	-1	1	3.25823	5	1	0	0	1	2	0	0	4	7	1	0	0	1	1	
60093925	30.0993	-0.882642	-0.853837	43.5511	-0.311137	2.42824	1	0	1	1	1	1	-1	3.05504	5	1	0	0	1	2	0	0	5	6	1	0	0	1	1	
649516	34.7807	0.434165	-1.40126	33.3479	-0.134885	1.53948	1	0	1	1	1	1	-1	2.99529	5	1	1	1	0	2	2	2	0	0	1	1	1	0	0	
773982	29.3477	-0.581336	-1.6989	33.0713	0.172991	1.38979	1	0	1	1	1	-1	1	3.17947	5	1	0	0	0	2	0	0	0	0	1	0	0	0	0	
788486	27.5095	0.432562	1.83042	39.5772	0.978089	-1.25416	1	0.0160609	1	1	1	1	-1	3.13245	5	1	0	0	1	2	0	0	6	6	1	0	0	1	1	
16299077	35.9766	-1.31832	2.37173	44.3441	-1.95573	-0.873425	1	0.01051	1	1	1	1	-1	3.10418	1	1	1	1	0	3	3	3	0	0	1	1	1	0	0	
1407399	42.0157	-1.80312	1.89642	54.2421	-0.391231	-1.81546	1	0	1	1	1	-1	1	2.93343	5	1	1	1	1	2	2	2	6	8	1	1	1	1	1	
3191443	28.25	-0.956476	-2.6452	36.3516	-1.47392	0.786365	1	0.00794656	1	1	1	1	-1	2.89819	5	1	0	0	0	2	0	0	0	0	1	0	0	0	0	
3212753	38.7002	-0.303621	0.42743	77.2692	0.223479	1.24596	1	0.0112343	1	1	1	1	-1	0.973565	5	1	1	1	1	2	2	2	6	8	1	1	1	1	1	
3135955	34.7251	-0.59953	1.47812	49.5518	-0.0140119	-2.26322	1	0	1	1	1	1	-1	2.60841	1	1	1	0	1	2	2	0	5	7	1	1	0	1	1	
3141620	33.8332	-0.425023	1.48624	34.0373	0.647208	-1.62417	1	0.00771118	1	1	1	1	-1	3.29004	5	1	1	0	1	2	2	0	6	6	1	1	0	1	1	
14597095	41.6814	0.715981	1.3549	38.2108	0.0139246	-1.33717	1	0.0249838	1	1	1	-1	1	2.78211	1	1	1	1	1	2	2	2	8	9	1	1	1	1	1	
14939009	31.8521	0.897556	2.56865	37.6572	2.01956	0.842936	1	0	1	1	1	1	-1	2.05839	5	1	0	0	0	2	0	0	0	0	1	0	0	0	0	
19400402	34.3635	0.222212	1.64228	44.9418	1.5638	0.439714	1	0	1	1	1	-1	1	1.80168	5	1	1	0	1	2	2	0	6	7	1	1	0	1	1	
19409494	37.0911	0.581705	0.571419	44.3181	-0.0664385	-2.81504	1	0	1	1	1	-1	1	2.96835	5	1	1	1	1	2	2	2	8	8	1	1	1	1	1	
19410842	25.7664	-1.42932	-0.568769	42.8752	-0.684021	2.26197	1	0	1	1	1	-1	1	2.92721	5	0	0	0	1	0	0	0	7	6	0	0	0	1	1	
717675	32.2769	-0.270099	1.39413	31.9922	0.615272	3.07674	1	0	1	1	1	-1	1	1.90133	5	1	0	0	1	2	0	0	6	9	1	0	0	1	1	
726778	28.3331	-0.463932	2.49583	32.8833	-1.88615	-2.10562	1	0	1	1	1	1	-1	2.20249	5	1	0	0	1	2	0	0	8	10	1	0	0	1	1	
729472	35.22	-0.578183	-1.06801	32.4248	0.108227	2.50196	1	0	1	1	1	-1	1	2.7987	5	1	1	0	0	2	2	0	0	0	1	1	0	0	0	
6618453	31.6923	1.01574	2.96336	36.3276	1.60723	-0.185756	1	0	1	1	1	-1	1	3.1894	5	1	0	0	1	2	0	0	7	9	1	0	0	1	1	
3866930	30.9037	0.32527	1.71598	40.4593	1.16206	-0.772456	1	0	1	1	1	1	-1	2.62537	5	1	0	0	1	2	0	0	7	9	1	0	0	1	1	
9014022	37.0535	1.65253	2.5905	30.556	0.965223	-0.906285	1	0	1	1	1	-1	1	2.86991	5	1	1	1	0	2	2	2	0	0	1	1	1	0	0	
8724310	34.4616	0.72859	-0.591971	32.0505	1.27291	2.48612	1	0	1	1	1	-1	1	3.12585	5	1	1	0	0	2	2	0	0	0	1	1	0	0	0	
13689994	33.642	-0.850659	1.24427	48.0783	-2.10641	-1.58609	1	0.0313087	1	1	1	1	-1	3.09642	1	1	1	0	0	2	2	0	0	0	1	1	0	0	0	
11314971	25.5473	0.0934967	-2.92471	37.2457	-0.859653	0.357315	1	0	1	1	1	1	-1	3.14888	5	0	0	0	1	0	0	0	7	6	0	0	0	1	1	
76630069	30.6722	-1.57204	2.6543	41.1569	-0.478688	-1.65039	1	0.044062	1	1	1	1	-1	2.2605	5	1	0	0	1	2	0	0	6	9	1	0	0	1	1	
76631091	28.2387	0.20547	2.08122	33.9235	0.73125	-0.761419	1	0	1	1	1	1	-1	2.89085	5	1	0	0	1	2	0	0	6	7	1	0	0	1	1	
66775877	27.3222	-2.03263	-0.180956	37.5337	-1.39945	2.96243	1	0	1	1	1	-1	1	3.203	5	1	0	0	1	2	0	0	7	6	1	0	0	1	1	
66783957	37.0538	-1.95327	1.83662	39.8327	-0.614797	-1.2246	1	0.0751108	1	1	1	-1	1	3.34105	5	1	1	1	1	2	2	2	8	8	1	1	1	1	1	
66786969	25.4475	1.1774	-2.77462	42.3793	2.07783	0.420986	1	0.0187953	1	1	1	1	-1	3.2162	5	0	0	0	1	0	0	0	6	7	0	0	0	1	1	
66787537	29.9555	0.935951	-0.447984	31.9454	0.218838	-3.04763	1	0.048769	1	1	1	-1	1	2.69674	5	1	0	0	1	2	0	0	4	6	1	0	0	1	1	
66788435	52.282	-0.0824369	0.182599	43.7724	0.76685	-1.55707	1	0	1	1	1	-1	1	1.93591	5	1	1	1	1	2	2	2	7	6	1	1	1	1	1	
66796027	35.6845	-0.303166	1.08906	33.9341	-1.02433	-2.18398	1	0	1	1	1	-1	1	3.09533	5	1	1	1	0	2	2	2	0	0	1	1	1	0	0	
66798895	37.5543	0.617329	-0.323785	37.9337	-0.460981	2.75438	1	0	1	1	1	-1	1	3.26157	1	1	1	1	1	2	2	2	9	8	1	1	1	1	1	
66984015	30.4483	0.176004	3.09854	35.083	-0.570338	-0.155393	1	0	1	1	1	1	-1	3.11984	5	1	0	0	1	2	0	0	7	6	1	0	0	1	1	
616219	25.1289	0.0414625	-3.08317	41.0209	0.885043	0.103267	1	0	1	1	1	-1	1	3.20959	5	0	0	0	1	0	0	0	6	6	0	0	0	1	1	
1032251	31.1398	-0.432066	-0.694593	41.0438	-0.949298	2.51612	1	0	1	1	1	-1	1	3.1157	5	1	0	0	0	2	0	0	0	0	1	0	0	0	0	
1040136	38.4542	0.0757463	0.883223	32.7942	-0.44726	-3.00488	1	0.0363068	1	1	1	-1	1	2.45152	5	1	1	1	0	2	2	2	0	0	1	1	1	0	0	
1042276	35.0316	-0.676936	-1.43956	31.467	0.0504329	1.85034	1	0.0251983	1	1	1	-1	1	3.08039	5	1	1	0	1	2	2	0	6	6	1	1	0	1	1	
1044482	33.5347	-1.9107	-0.039399	31.0747	-1.3246	3.13741	1	0.0102659	1	1	1	1	-1	3.16118	5	1	1	0	0	2	2	0	0	0	1	1	0	0	0	
16786036	27.6454	0.683478	0.165822	46.0694	1.83772	-2.92966	1	0	1	1	1	-1	1	3.30368	5	0	0	0	1	0	0	0	7	7	0	0	0	1	1	
30126299	34.8498	0.906063	-0.632985	36.6216	0.0310149	2.47247	1	0.0499813	1	1	1	-1	1	3.22638	5	1	1	0	0	2	2	0	0	0	1	1	0	0	0	
4579208	32.9076	1.06771	1.69681	38.1195	1.65174	-1.16516	1	0.0326116	1	1	1	1	-1	2.92096	5	1	1	0	1	2	2	0	6	9	1	1	0	1	1	
6684662	40.6442	-0.409661	2.6074	31.9059	0.312941	-2.11623	1	0	1	1	1	1	-1	1.71883	5	1	1	1	1	2	2	2	7	6	1	1	1	1	1	
5766504	34.0652	-1.26773	0.63767	30.6923	-2.00305	-2.55044	1	0	1	1	1	1	-1	3.18122	5	1	0	0	1	2	0	0	6	7	1	0	0	1	1	
5834238	30.5158	-1.1297	1.80763	36.933	0.210338	-1.20929	1	0.00772248	1	1	1	1	-1	3.30113	5	1	0	0	0	2	0	0	0	0	1	0	0	0	0	
22340162	36.1276	1.47996	1.99196	30.9377	0.854832	-0.939517	1	0	1	1	1	1	-1	2.99739	5	1	1	0	1	2	2	0	8	8	1	1	0	1	1	
6503365	34.8414	-1.16328	0.821625	40.2032	0.42357	-2.2491	1	0	1	1	1	1	-1	3.45651	1	1	1	0	0	2	2	0	0	0	1	1	0	0	0	
6506019	30.7959	-1.12794	-0.91523	58.123	-1.86051	0.284679	1	0.0205639	1	1	1	-1	1	1.40586	5	1	0	0	1	2	0	0	7	8	1	0	0	1	1	
6513657	36.2709	-0.432641	2.28893	30.2169	0.80254	-0.620648	1	0	1	1	1	-1	1	3.16091	5	1	1	1	0	2	2	2	0	0	1	1	1	0	0	
32029849	36.5734	-1.91155	1.82804	35.1519	-0.732428	-1.38049	1	0.00572447	1	1	1	1	-1	3.293	5	1	1	1	0	2	2	2	0	0	1	1	1	0	0	
32030877	38.1324	0.224916	-2.45066	30.7458	1.72289	0.770226	1	0.0328577	1	1	1	-1	1	3.40905	1	1	1	1	1	2	2	2	8	6	1	1	1	1	1	
32031053	35.7798	0.914723	0.748811	35.1333	1.5566	-2.25413	1	0.0155782	1	1	1	1	-1	3.07077	5	1	1	1	1	2	2	2	6	6	1	1	1	1	1	
32087774	36.0426	0.437418	1.45439	43.7841	1.31336	-0.125669	1	0	1	1	1	-1	1	1.80662	5	1	1	0	1	2	2	0	6	6	1	1	0	1	1	
32090909	35.8386	-0.315686	-2.56636	31.1466	0.29146	0.49686	1	0.0505074	1	1	1	1	-1	3.12281	5	1	1	1	1	2	2	2	9	11	1	1	1	1	1	
32091587	28.2459	-0.178663	2.89115	30.9872	-1.31817	-0.82312	1	0	1	1	1	1	-1	2.8103	5	1	0	0	0	2	0	0	0	0	1	0	0	0	0	
32092046	47.6512	-1.06499	-3.08862	41.9081	0.00777702	0.338623	1	0.00499742	1	1	1	1	-1	3.05078	5	1	1	1	1	3	3	3	7	6	1	1	1	1	1	
6647740	28.2737	0.962878	1.60047	31.2874	0.0659191	-1.60343	1	0	1	1	1	-1	1	3.20727	5	1	0	0	0	2	0	0	0	0	1	0	0	0	0	
19943934	33.506	-0.0227458	-0.947133	32.9034	1.174	2.71348	1	0	1	1	1	1	-1	2.88272	5	1	1	0	1	2	2	0	10	10	1	1	0	1	1	
19944709	29.0254	1.00279	-2.51024	46.4536	1.64465	0.526345	1	0.0234167	1	1	1	1	-1	3.10368	5	1	0	0	1	2	0	0	7	7	1	0	0	1	1	
19994819	27.9555	-0.989185	-2.15239	38.5628	-0.0489316	0.627822	1	0	1	1	1	1	-1	2.9349	5	1	0	0	1	2	0	0	7	8	1	0	0	1	1	
633266	38.7345	-0.990715	1.67015	33.7467	-2.27266	-1.41508	1	0.0419189	1	1	1	-1	1	3.34097	6	1	1	1	0	2	2	2	0	0	1	1	1	0	0	
634640	40.5788	-0.331129	-2.6562	42.2007	0.364851	0.379826	1	0.0202822	1	1	1	-1	1	3.11478	5	1	1	1	1	2	2	2	7	7	1	1	1	1	1	
745235	28.5037	0.86975	-0.646069	32.7072	-0.366905	2.29746	1	0.0250319	1	1	1	-1	1	3.19276	5	1	0	0	1	2	0	0	6	6	1	0	0	1	1	
739968	30.5228	1.8615	1.05349	37.0902	0.940102	-0.974631	1	0	1	1	1	1	-1	2.22761	5	1	0	0	1	2	0	0	6	7	1	0	0	1	1	
742479	34.4928	-0.080964	-1.45192	35.806	0.882779	1.64408	1	0.0192823	1	1	1	-1	1	3.24254	5	1	1	0	0	2	2	0	0	0	1	1	0	0	0	
813909	48.974	1.68579	-2.43086	40.7646	-0.552856	0.440739	1	0	1	1	1	-1	1	3.6411	5	1	1	1	0	2	2	2	0	0	1	1	1	0	0	
815432	34.6493	1.37188	-0.519139	34.1232	2.24922	2.4557	1	0.0202217	1	1	1	1	-1	3.10151	5	1	1	1	0	2	2	2	0	0	1	1	1	0	0	
7543260	63.3698	0.269393	-2.76971	44.2554	-0.403104	-0.221167	1	0	1	1	1	-1	1	2.63577	6	1	1	1	1	2	2	2	8	8	1	1	1	1	1	
7543917	31.1761	-0.0884159	-0.535333	45.3384	1.5615	2.28319	1	0	1	1	1	-1	1	3.26593	1	1	0	0	1	2	0	0	6	7	1	0	0	1	1	
7551385	41.7884	-0.0187166	1.35103	30.1834	0.864382	-0.46505	1	0	1	1	1	1	-1	2.01941	5	1	1	1	1	2	2	2	5	7	1	1	1	1	1	
7552702	33.8531	0.634326	2.11222	31.1667	-0.316077	-1.02832	1	0.00832267	1	1	1	-1	1	3.2812	5	1	1	0	0	2	2	0	0	0	1	1	0	0	0	
7559973	37.5705	-1.33188	-0.563028	37.9989	-0.742465	2.64656	1	0	1	1	1	1	-1	3.1296	5	1	1	1	1	2	2	2	5	7	1	1	1	1	1	
7568135	75.0988	0.971635	2.55968	43.0728	0.242817	2.03074	1	0	1	1	1	1	-1	0.900529	5	1	1	1	1	2	2	2	9	11	1	1	1	1	1	
7570098	31.7661	1.41076	-2.8752	38.8825	0.55297	1.66469	1	0	1	1	1	-1	1	1.94291	5	1	0	0	1	2	0	0	8	8	1	0	0	1	1	
11032715	35.7765	1.19819	2.42613	31.2461	0.584606	-0.818418	1	0.0247021	1	1	1	1	-1	3.09997	5	1	1	1	0	2	2	2	0	0	1	1	1	0	0	
11618517	42.9384	1.43773	2.13955	42.2239	-0.12127	-1.45368	1	0.0191525	1	1	1	-1	1	3.10907	5	1	1	1	0	2	2	2	0	0	1	1	1	0	0	
14865541	32.7241	1.24651	0.162874	32.2882	1.97096	-3.04516	1	0.0681782	1	1	1	-1	1	3.15933	5	1	1	0	0	2	2	0	0	0	1	1	0	0	0	
14891947	28.9355	1.18965	2.9754	46.8431	0.365854	-0.785115	1	0	1	1	1	1	-1	2.65378	5	1	0	0	0	2	0	0	0	0	1	0	0	0	0	
14899227	81.7542	-2.09422	-1.3281	32.8315	-1.426	1.20471	1	0	1	1	1	-1	1	2.61947	6	1	1	1	0	2	2	2	0	0	1	1	1	0	0	
14908724	46.6914	1.06101	1.85635	55.778	0.529396	-1.23258	1	0	1	1	1	1	-1	3.13435	1	1	1	1	1	2	2	2	4	6	1	1	1	1	1	
12473	64.6882	-1.12246	1.39837	30.8674	-2.20303	2.8908	1	0	1	1	1	-1	1	1.84255	5	1	1	1	0	2	2	2	0	0	1	1	1	0	0	
4436039	28.3046	-0.89659	2.85687	34.7205	-0.300732	-0.255218	1	0	1	1	1	-1	1	3.16862	5	1	0	0	1	2	0	0	8	8	1	0	0	1	1	
4438116	30.4857	-0.741206	2.97026	44.9205	-0.00134215	-0.367912	1	0	1	1	1	1	-1	3.03653	5	1	0	0	0	2	0	0	0	0	1	0	0	0	0	
4439801	30.4771	1.14718	2.57444	38.4585	0.339236	-0.488383	1	0	1	1	1	1	-1	3.1676	5	1	0	0	0	2	0	0	0	0	1	0	0	0	0	
438560	37.8629	-0.394326	-2.42346	42.1197	0.484929	1.3809	1	0	1	1	1	1	-1	2.63015	5	1	1	1	0	2	2	2	0	0	1	1	1	0	0	
475206	34.5849	-1.9134	2.6973	30.7781	-1.12903	-0.0506165	1	0	1	1	1	-1	1	2.85767	5	1	1	1	1	2	2	2	6	6	1	1	1	1	1	
4851877	28.8435	0.933702	-1.22659	36.0088	-0.679622	2.13079	1	0	1	1	1	1	-1	3.34113	5	1	0	0	0	2	0	0	0	0	1	0	0	0	0	
5998514	33.1241	0.325314	-2.48335	37.652	-0.636746	0.383526	1	0.0320373	1	1	1	-1	1	3.02399	5	1	1	0	1	2	2	0	7	7	1	1	0	1	1	
6004977	46.9473	1.76314	1.07034	34.43	0.882717	-1.41075	1	0	1	1	1	-1	1	2.63266	5	1	1	1	1	2	2	2	6	7	1	1	1	1	1	
6007124	55.9735	-1.46895	0.838523	30.1052	-2.03043	-2.57027	1	0.00727477	1	1	1	1	-1	2.92871	1	1	1	1	1	2	2	2	5	6	1	1	1	1	1	
12090067	34.743	0.0315657	-1.42555	30.3897	-0.492273	1.86152	1	0.0093709	1	1	1	1	-1	3.04157	5	1	1	0	1	2	2	0	9	10	1	1	0	1	1	
5316498	28.7652	-1.13011	0.881916	40.241	-1.76912	-2.24841	1	0.0360408	1	1	1	-1	1	3.19488	5	1	0	0	0	2	0	0	0	0	1	0	0	0	0	
15002074	41.603	0.46666	-1.64589	34.1575	0.996795	2.48777	1	0.0421762	1	1	1	1	-1	2.21393	5	1	1	1	1	2	2	2	4	8	1	1	1	1	1	
15934842	36.4207	-1.21315	-1.20931	35.0695	-0.463489	1.94851	1	0.0168309	1	1	1	1	-1	3.21402	5	1	0	0	1	2	0	0	7	8	1	0	0	1	1	
16014287	38.302	-1.61751	-2.40978	39.9743	-0.810416	0.702278	1	0.00769805	1	1	1	-1	1	3.21501	5	1	1	1	0	2	2	2	0	0	1	1	1	0	0	
76412757	42.5517	-1.59835	1.73272	39.0526	-2.25059	-1.33998	1	0.0104724	1	1	1	-1	1	3.14117	1	1	1	1	0	3	3	3	0	0	1	1	1	0	0	
76413747	29.9789	-1.30353	0.0903462	35.6461	-0.484167	2.28758	1	0.0136291	1	1	1	1	-1	2.34504	5	1	0	0	1	2	0	0	7	7	1	0	0	1	1	
42626022	49.1171	-0.784054	0.570293	58.7776	0.344343	-0.494399	1	0.0186356	1	1	1	-1	1	1.5514	5	1	1	1	1	2	2	2	5	9	1	1	1	1	1	
42636920	29.1467	-1.74161	1.16198	31.1873	-0.727237	-1.81695	1	0	1	1	1	-1	1	3.1469	5	1	0	0	1	2	0	0	7	8	1	0	0	1	1	
41797249	45.3647	0.464485	-2.14274	46.5192	1.05479	0.695739	1	0.0366795	1	1	1	-1	1	2.89921	1	1	1	1	0	2	2	2	0	0	1	1	1	0	0	
41811942	38.7088	-0.382285	1.75157	38.5391	0.700739	-1.29907	1	0	1	1	1	1	-1	3.23718	5	1	1	1	0	2	2	2	0	0	1	1	1	0	0	
70834828	32.277	-0.554435	-2.67021	44.1512	0.977682	0.438061	1	0	1	1	1	1	-1	3.46536	5	1	1	0	1	2	2	0	7	8	1	1	0	1	1	
70841582	36.0243	-1.20091	0.161165	34.1355	0.68609	-2.66959	1	0	1	1	1	1	-1	3.40205	1	1	1	1	1	2	2	2	8	9	1	1	1	1	1	
699089	31.251	1.24513	0.883404	42.3708	0.29678	-2.77781	1	0.0603262	1	1	1	-1	1	2.78821	5	1	0	0	1	2	0	0	4	6	1	0	0	1	1	
703140	35.3131	2.07939	1.12904	38.1575	0.749191	-2.12935	1	0.126051	1	1	1	1	-1	3.30436	1	1	1	1	0	2	2	2	0	0	1	1	1	0	0	
20310401	47.3668	1.58823	0.870765	36.783	0.877541	-2.28691	1	0	1	1	1	1	-1	3.20529	1	1	1	1	0	2	2	2	0	0	1	1	1	0	0	
20323316	30.1994	1.39853	-1.903	30.4565	1.90504	1.21014	1	0	1	1	1	-1	1	3.15407	5	1	0	0	0	2	0	0	0	0	1	0	0	0	0	
5959521	27.3039	0.360856	-1.95791	101.573	0.907419	-2.8938	1	0	1	1	1	-1	1	1.0838	5	0	0	0	1	0	0	0	9	7	0	0	0	1	1	
1435354	26.3526	1.68847	0.457556	40.2442	1.03883	-2.87481	1	0	1	1	1	1	-1	3.02148	5	0	0	0	1	0	0	0	7	8	0	0	0	1	1	
15921585	34.6842	0.177844	1.4841	38.0471	-0.43355	-1.63286	1	0	1	1	1	1	-1	3.17636	5	1	1	1	1	2	2	2	6	6	1	1	1	1	1	
7175094	29.1381	-0.776334	0.776317	33.2565	-2.05698	2.15456	1	0.00651912	1	1	1	-1	1	1.88138	5	1	0	0	0	2	0	0	0	0	1	0	0	0	0	
