event      lumi       run    ele pt   ele eta   ele phi    tau pt   tau eta   tau phi      nEle      nTau       nMu       nMC genMatch2 diEleVeto  eVetoZtt  mVetoZtt         
12473         6         1    63.892  -1.12246   1.39837   30.9293  -2.20303    2.8908         4         3         0        69         3         1         1         1         
4433346      1956         1   62.6951  -1.57902  -2.82906   33.4828  -1.41594 -0.546124         4         3         0        37        -1         1         1         1         
4436039      1957         1   27.7149  -0.89659   2.85687   34.7901 -0.300732 -0.255218         1         2         0        64         3         1         1         1         
4438116      1958         1   30.1192 -0.741206   2.97026   45.0106-0.00134215 -0.367912         1         2         0        35         5         1         1         1         
4439801      1959         1   30.4297   1.14718   2.57444   38.4201  0.339236 -0.488383         3         2         0        33         3         1         1         1         
4413207      1947         1   28.5378  -1.60353  -1.73092   50.9581  -1.37494    1.4626         1         2         0        33         3         1         1         1         
4416347      1949         1   42.7718  -0.58066 -0.476612   45.9304 -0.924432   2.97464         1         2         0        17        -1         1         1         1         
4519381      1994         1   30.7536  0.660556 -0.795329   32.6869   0.71876   2.33583         1         2         0        77         3         1         1         1         
427301       189         1   30.2216   1.56282 -0.730597   39.7322  0.550577   1.12738         1         3         2        44         3         1         1         1         
12806227      5650         1   33.9548  0.824621  -2.70149   93.5235   1.09982  0.441403         1         2         0        48         5         1         1         1         
12806341      5650         1   38.1834 -0.591299   2.58983   55.4664  0.226636  0.904302         1         2         0        61         3         1         1         1         
15617232      6890         1   38.4212 -0.636183   1.79823   37.1149 -0.613346  -1.56508         1         2         0        15         3         1         1         1         
16281684      7183         1   36.6707   1.75455  -1.08213   30.8256   2.19095   2.28954         1         3         0        24         3         1         1         1         
395374       175         1   28.6539   1.16139  -1.76638    48.912   2.13431   1.38749         1         2         1        37        -1         1         1         1         
17255299      7612         1   33.0735  0.170094  -3.01892   48.2269 -0.845719  0.190512         2         2         0        46        -1         1         1         1         
17255801      7613         1   63.8075   -1.7426  -2.87922    74.586 -0.794555  0.677444         2         2         0        42         3         1         1         1         
21209941      9357         1   29.9383  0.175539  0.294409   42.4802 -0.208211  -2.76322         1         2         0        34         3         1         1         1         
21210321      9357         1    25.111 0.0284819   1.24331   51.0608 -0.215725  -2.34144         1         3         0        32         3         1         1         1         
16288238      7186         1   33.7179    1.8772   3.09168   46.3596   1.28829 -0.631747         1         2         0        47         3         1         1         1         
420580       186         1    55.879    1.0825   1.85958   32.7636  0.693182 -0.369389         2         2         1        67         5         1         1         1         
420588       186         1   41.9659  -0.72767  0.207711   36.4321   -0.7889  -1.41453         1         3         0        50         3         1         1         1         
423352       187         1   26.4941 -0.306502 -0.242431   38.3785  0.234601  -2.88461         2         3         0        54         5         1         1         1         
15516289      6845         1   30.7729    1.1106  0.829696   31.4058   1.71499  -2.46277         1         2         0        43         3         1         1         1         
15510421      6843         1   47.8117  -1.58262  -2.58949   38.4404  -1.27367  0.532026         1         2         0        35        -1         1         1         1         
15511055      6843         1   36.9073  0.863598 -0.869078   40.7009 -0.178673   2.54547         1         2         0        35         3         1         1         1         
15537219      6855         1   36.5296  -1.21823   2.35984   40.8462 -0.440033  -1.25544         1         2         2        21         3         1         1         1         
15537474      6855         1   44.2971  0.613333    0.6281   41.3215  -1.06229  -2.38973         1         2         0        19         5         1         1         1         
15548827      6860         1   28.4022 -0.754013   2.80625   36.4913  -1.73366 -0.574703         1         2         0        19         5         1         1         1         
1645188       726         1   28.7021  0.596235  -1.79442   39.0114 -0.628511   1.39999         1         2         0        56         3         1         1         1         
1647935       727         1   28.3068   1.58791  0.252513   44.2329   2.10623     -2.84         3         2         1        45         3         1         1         1         
1649067       728         1   39.3352  0.450878   -2.0553   33.5277  0.877714  0.760243         2         3         2        47         3         1         1         1         
9175093      4048         1   62.0477  -1.85043  0.717083   72.3818   -1.3612  -2.97106         2         2         2        16        -1         1         1         1         
12136693      5354         1   31.0459 -0.530275   -2.9862   39.4356 0.0682112  0.274021         1         2         0        31         5         1         1         1         
12654875      5583         1   29.1965  -1.12722  0.178677   36.3422 -0.582587  -2.90378         1         2         0        31         3         1         1         1         
15513313      6844         1   39.7215 -0.497133  -2.60922   32.5507  0.572236  0.356668         2         2         0        67         3         1         1         1         
867202       383         1   31.0279   1.24285   1.73947   43.6024   1.63401  -1.61189         1         2         0        22         3         1         1         1         
869765       384         1   25.7586 -0.859244   1.05704     35.62  0.235714  -2.16238         2         2         0        18         3         1         1         1         
873828       386         1   52.6906  0.258245   1.86926   35.1752   1.03951  -3.12988         3         3         1        33         3         1         1         1         
13515877      5963         1   46.2969  0.550725   1.76103   32.0531  0.924536  0.640723         1         4         1        55         3         1         1         1         
13517295      5963         1   47.6633   -1.1195   1.08787   36.8969 -0.739156  -2.13145         2         2         0        22        -1         1         1         1         
823466       364         1   41.5688 -0.039914 -0.239862   69.8386  0.459494  -1.67293         1         3         0        26         3         1         1         1         
824918       364         1   27.4193  0.979125   1.33003   39.8941  0.703215  -1.85532         1         2         0        27         3         1         1         1         
860701       380         1   25.1587 0.0529515   0.45789   41.4712  -1.79779  -2.53491         1         2         0        43         5         1         1         1         
15614219      6889         1   39.3393  -1.02422  -2.90067   40.0398  -1.02298  0.243719         2         2         0        45         3         1         1         1         
9126011      4026         1    28.733  0.594248 0.0305876   41.0859   0.46199  -3.11464         1         2         0        55         3         1         1         1         
9128537      4027         1   41.1035    1.2021   -1.4172   38.0735   1.13422   2.78863         2         2         1        43         5         1         1         1         
17259838      7614         1   28.7961 0.0528115  -1.47251   43.1291   0.24476   1.23038         1         2         0        24         3         1         1         1         
9136111      4031         1   30.9846   1.37096   1.60039   30.1026   2.07435  -0.79662         1         2         0        32         3         1         1         1         
9138304      4032         1   42.0943 -0.334829  -2.98658   32.9491   -1.0377  0.143688         2         2         0        80         3         1         1         1         
9173004      4047         1   37.9022   1.05025   1.34048   35.9577 0.0607118  -1.76557         1         2         0        23         3         1         1         1         
9173848      4047         1   212.285  -0.61979    1.8093   34.3205  -0.50395   1.09689         1         4         5        99         3         1         1         1         
20916        10         1   30.8232  -1.77916 -0.377484   48.6258 -0.569032  -2.81829         1         2         0        63         5         1         1         1         
9176415      4049         1   31.6013  -1.40496  0.838973   40.8312 -0.906447  -2.18821         1         2         0        42         6         1         1         1         
12668470      5589         1   40.2588   1.73395   2.23794   41.3458  0.773011  -1.02523         2         2         0        55        -1         1         1         1         
12669676      5590         1   47.9598   0.50639  -1.52621    42.313  0.421141   1.78022         5         2         1        37        -1         1         1         1         
12672835      5591         1     31.25  0.520528  -1.08207   44.9589  0.590227   2.27546         2         3         0        25         3         1         1         1         
12674321      5592         1     40.93  -1.34023  0.945816   47.4364  -1.67607  -2.60073         2         2         0        38        -1         1         1         1         
16055569      7083         1   39.2088  -1.21368  -2.55439   31.2169  -1.70147  0.838325         1         2         1        64         5         1         1         1         
41797249     18439         1   46.2915  0.464485  -2.14274   46.3801   1.05479  0.695739         1         2         0        31        -1         1         1         1         
41801463     18441         1   32.2573   -1.0124   2.71511    31.843 -0.945862 -0.402005         1         2         0        41         3         1         1         1         
41811942     18445         1   38.4478 -0.382285   1.75157   38.6163  0.700739  -1.29907         1         2         0        32         3         1         1         1         
6004977      2650         1   46.0238   1.76314   1.07034   34.3956  0.882717  -1.41075         2         2         0        51         3         1         1         1         
6006830      2650         1   34.0217   1.46566 -0.979005   39.0176   1.12384   2.30268         2         2         0        31         5         1         1         1         
6007124      2650         1   56.1852  -1.46895  0.838523   30.0151  -2.03043  -2.57027         1         2         0        17        -1         1         1         1         
76412757     33709         1   42.8803  -1.59835   1.73272   37.6955  -2.25059  -1.33998         1         2         0        27        -1         1         1         1         
70947887     31298         1   37.8875   1.91612  -2.25293   31.6622    1.5522  0.678061         1         2         0        30         3         1         1         1         
70834828     31249         1   31.9923 -0.554435  -2.67021   43.8443  0.977682  0.438061         1         2         0        27         3         1         1         1         
70835251     31249         1   34.1697  0.103943 -0.343379   33.6119   0.34046   2.99966         2         2         0        78         3         1         1         1         
70837446     31250         1    40.871  0.649217  0.418628   41.0502  0.748636  -2.46638         1         2         0        31         3         1         1         1         
70841582     31252         1   34.7946  -1.20091  0.161165   32.9493   0.68609  -2.66959         2         2         0        27        -1         1         1         1         
4851877      2141         1   28.8097  0.933702  -1.22659   36.0448 -0.679622   2.13079         1         2         1        61         3         1         1         1         
5998514      2647         1    33.062  0.325314  -2.48335   37.7274 -0.636746  0.383526         2         2         1        25         3         1         1         1         
429983       190         1   27.4097   1.61309   1.20931   34.4743   1.64522  -1.91412         1         2         0        25         3         1         1         1         
438560       194         1    38.356 -0.394326  -2.42346   42.2041  0.484929    1.3809         1         2         0        33         3         1         1         1         
440277       195         1   29.1487   -0.2365   -0.7581   32.8894 -0.480027   2.65216         1         2         0        29         3         1         1         1         
12005634      5297         1   29.5653   1.61934  -1.39877   33.7657   1.69023   2.33912         1         2         0        30         3         1         1         1         
12005686      5297         1   50.9683   1.99536  -2.23005   34.7616   2.03585   1.64449         1         2         0        62         5         1         1         1         
12009397      5298         1   25.3791 -0.264405   1.55354   37.5489 -0.614586  -1.51799         1         2         0        40         3         1         1         1         
9662270      4263         1   40.3217   1.54913  -2.01507   42.8874   1.74022    1.1155         1         3         0        44         5         1         1         1         
468151       207         1   32.1568   1.11948  0.845787   33.2261  0.814164  -2.33927         2         2         0        33         5         1         1         1         
472870       209         1    29.222  -1.16018 -0.880044   36.7309  -1.34718   2.27263         1         2         1        15         6         1         1         1         
475206       210         1   36.2225   -1.9134    2.6973   30.8398  -1.12903-0.0506165         1         1         0        36         3         1         1         1         
481688       213         1   59.1294  0.412682  -2.12303   44.5842  0.760609   1.94526         1         2         0        37         3         1         1         1         
490541       217         1   25.4065  0.441657  -1.76591   35.9764 0.0715182   1.17255         1         2         0        40         3         1         1         1         
28483758     12566         1   30.7353  0.422935  0.622872   34.1521  0.337407  -2.52198         2         2         1        36         3         1         1         1         
12090067      5334         1   34.4779 0.0315657  -1.42555   30.4506 -0.492273   1.86152         2         2         0        45         3         1         1         1         
5316498      2346         1   28.7871  -1.13011  0.881916   40.2813  -1.76912  -2.24841         3         2         0        15         3         1         1         1         
15934298      7030         1   38.7089   0.84278  0.253638   53.6345   1.05983  -3.07601         1         2         0        60         3         1         1         1         
15934842      7030         1   36.3237  -1.21315  -1.20931   35.1397 -0.463489   1.94851         1         2         0        46         6         1         1         1         
16011815      7064         1   40.2555   1.05281  0.334813    32.658  0.763544  -2.71004         1         2         0        45         3         1         1         1         
16014287      7065         1   38.0704  -1.61751  -2.40978   40.0143 -0.810416  0.702278         3         2         1        27         3         1         1         1         
16014433      7065         1   44.4909-0.0851981  -1.82996   38.2693-0.0965076   2.64989         2         4         1        35         3         1         1         1         
42626022     18805         1   47.8341 -0.784054  0.570293   58.8954  0.344343 -0.494399         1         3         0        73         3         1         1         1         
42636353     18809         1   36.0438  -1.56766   1.91233   40.9339  -1.36361  -1.02769         1         2         0        35         3         1         1         1         
42636920     18809         1   28.7198  -1.74161   1.16198   31.2498 -0.727237  -1.81695         1         2         0        70         3         1         1         1         
15002074      6618         1   41.9289   0.46666  -1.64589    34.226  0.996795   2.48777         1         4         0        67         3         1         1         1         
76413747     33710         1    30.347  -1.30353 0.0903462   35.7175 -0.484167   2.28758         1         2         0        58         5         1         1         1         
41597903     18351         1   28.0227   1.34933  -2.55709   35.0999   1.79076   1.08999         2         2         0        59         3         1         1         1         
41604340     18354         1   37.0249 -0.127625   1.27682    45.025 -0.209431   -1.9063         1         2         0        40         3         1         1         1         
38848        18         1   25.7128  0.577155 -0.771954   36.2964 -0.382487   2.40643         1         2         0        16         3         1         1         1         
43947        20         1   36.6637   0.12951  -2.12971    56.655   1.05198  0.475705         2         3         1       107         3         1         1         1         
15010857      6622         1   44.4377  -1.73132 -0.979966   33.2078  -1.84513   2.20535         2         2         1        23         3         1         1         1         
7543260      3328         1   61.9391  0.269393  -2.76971   44.2554 -0.403104 -0.221167         2         3         0        42        -1         1         1         1         
7543917      3328         1   31.4439-0.0884159 -0.535333    43.763    1.5615   2.28319         1         2         0        13        -1         1         1         1         
7551385      3332         1   42.3684-0.0187166   1.35103   30.2439  0.864382  -0.46505         1         2         0        41         3         1         1         1         
7552702      3332         1   34.3064  0.634326   2.11222   31.2292 -0.316077  -1.02832         1         2         0        27         3         1         1         1         
11030207      4866         1     25.92 -0.942038 -0.535372   144.187  -0.72281  -1.07422         2         5         0        91         3         1         1         1         
11031503      4867         1   33.5553 -0.377777  -1.58931   31.1076 -0.241937    1.5618         1         2         0        22         3         1         1         1         
11032546      4867         1   34.3085   1.15064  0.899815   32.8152  0.911907   -2.3157         1         2         0        68         3         1         1         1         
11032715      4867         1    37.274   1.19819   2.42613   31.3087  0.584606 -0.818418         1         2         1        41         3         1         1         1         
7559039      3335         1   28.4252     1.463  -1.46864    65.403   1.42239   2.17498         1         2         0        55         3         1         1         1         
7559973      3335         1   37.0922  -1.33188 -0.563028    37.961 -0.742465   2.64656         1         2         1        55         3         1         1         1         
7568135      3339         1   74.7372  0.971635   2.55968   43.0298  0.242817   2.03074         4         6         1        57         6         1         1         1         
7570098      3340         1   32.1626   1.41076   -2.8752   38.9604   0.55297   1.66469         2         2         0        30         3         1         1         1         
7570535      3340         1   45.1351  -1.44582   2.79469   30.4359  -1.71405  -1.11127         2         2         0        42         3         1         1         1         
11618517      5126         1   43.9727   1.43773   2.13955   42.1817  -0.12127  -1.45368         1         2         0        56         3         1         1         1         
633266       280         1   39.4747 -0.990715   1.67015   33.7467  -2.27266  -1.41508         1         2         1        49        -1         1         1         1         
634640       280         1   40.7285 -0.331129   -2.6562   42.2853  0.364851  0.379826         1         2         0        66         3         1         1         1         
14865541      6558         1    31.962   1.24651  0.162874   32.2559   1.97096  -3.04516         1         2         0        51         3         1         1         1         
14891947      6570         1   28.4646   1.18965    2.9754   46.7963  0.365854 -0.785115         1         2         0        20         3         1         1         1         
739968       327         1   29.7388    1.8615   1.05349   37.0532  0.940102 -0.974631         2         3         0        22         3         1         1         1         
14897821      6572         1    27.963 -0.584387    2.3217   33.9949 -0.801729 -0.775009         1         2         0        26         5         1         1         1         
14899227      6573         1   78.3276  -2.09422   -1.3281   32.8315    -1.426   1.20471         2         3         0        22        -1         1         1         1         
14908724      6577         1   47.2276   1.06101   1.85635   55.6112  0.529396  -1.23258         1         2         1        33        -1         1         1         1         
745235       329         1   28.2305   0.86975 -0.646069   32.6745 -0.366905   2.29746         1         2         0        64         3         1         1         1         
742479       328         1   35.0393 -0.080964  -1.45192   35.7702  0.882779   1.64408         2         2         0        39         3         1         1         1         
14919206      6582         1   37.5207  -1.94913  -1.57142   42.3912  -2.15368   1.75011         1         2         0        64         3         1         1         1         
455021       201         1   29.1398 -0.676632   3.03457   59.0921 -0.565042   1.99059         2         3         1        64         5         1         1         1         
813909       360         1   48.3108   1.68579  -2.43086   40.7239 -0.552856  0.440739         2         2         0        73         5         1         1         1         
814707       360         1   37.5145 -0.590534  -1.51973   30.8954 -0.925239   1.52366         1         2         0        24         3         1         1         1         
815432       360         1    35.452   1.37188 -0.519139    33.886   2.24922    2.4557         1         2         0        47         5         1         1         1         
7540353      3327         1   45.4257  0.270416  0.186505   44.2968  0.413673  -2.94112         2         2         0        17         3         1         1         1         
7540459      3327         1   47.7485   1.11079  -1.09351   49.4824   1.19759   1.29909         1         2         0        85         3         1         1         1         
640903       283         1   33.6705  -1.53357 -0.814332   41.6876  -1.58715   2.07294         3         2         0        49         3         1         1         1         
597822       264         1   28.7626  -1.82155  -2.61605    32.036 -0.384616  0.706331         2         2         0        23         3         1         1         1         
2915496      1287         1   37.7994  0.372691   0.44826   34.7796 0.0652187  -2.72751         2         2         0        39         3         1         1         1         
6019745      2656         1   29.4805  0.543726  -1.60618   48.8077-0.0953817 -0.355844         2         3         0        49         5         1         1         1         
2834792      1251         1   34.8471  -1.98508  0.759933   37.3515  -2.09184  -1.44733         1         3         0        39         5         1         1         1         
2837149      1252         1   38.6383   1.87355   2.58169   31.6959   1.02616 -0.460963         1         2         0        30         3         1         1         1         
2837510      1252         1   26.3257  -1.08431   0.67749   49.7973  -1.52363  -2.94757         1         2         0        63         3         1         1         1         
59692705     26333         1   45.5616  0.711056 0.0923992   31.1514  -0.16618   1.05703         2         2         0        67         3         1         1         1         
59693099     26333         1   46.9826  -1.27892  -3.00744   56.6724 -0.693324  0.157353         2         2         1        35         3         1         1         1         
59694588     26334         1   35.8452  0.720174  -2.73558   37.7953  0.265807   0.35512         1         2         0        69         5         1         1         1         
53201        24         1   29.3547   1.18489   2.33105   34.1734   1.62542 -0.759278         3         2         0        29         3         1         1         1         
5865475      2588         1   32.9631   1.71093  -1.72256   40.1936   1.47526  0.996336         1         2         0        28         3         1         1         1         
5868261      2589         1   80.9882  -1.63288 -0.639435    56.051  -1.22049  0.139034         1         4         0        63         6         1         1         1         
22103609      9751         1   33.2698  0.806247   2.03185   38.6249  0.791661  -1.14947         1         2         0        28         3         1         1         1         
22103754      9751         1   41.6828  0.476443   1.80115   39.8927-0.0357996 -0.167656         1         3         0        46         3         1         1         1         
2889937      1275         1   27.5691 -0.459823   1.60156    37.091   0.75974  -1.25651         2         3         0        47         5         1         1         1         
2890356      1276         1   26.3792   2.02173 -0.361868   70.3488   1.98357  -1.98685         2         3         0        62         3         1         1         1         
2892125      1276         1   31.6785  0.855741  -1.17528   33.0513  0.332299   1.80761         1         2         2        27         3         1         1         1         
617526       273         1   34.0753  0.531286  -2.37345   31.5069     0.824  0.934664         1         2         1        53         3         1         1         1         
58660739     25878         1   27.3201  -1.37879   2.00205   67.0511  -2.09166   1.25822         1         3         1        96         5         1         1         1         
58663638     25879         1   42.3158  -2.00884   2.23679   30.6895  -1.25705 -0.778143         1         2         0        61         3         1         1         1         
59875959     26414         1   30.1613  0.265598   1.50753   30.5837 -0.734253  -1.59349         1         2         0        46         3         1         1         1         
59876261     26414         1   44.1268  0.027452   -1.3495   38.7509 -0.263094   3.08032         2         3         0        38         3         1         1         1         
643779       284         1   35.7005   1.59409 -0.484291   30.3602   1.50931   2.66808         1         2         0        85         3         1         1         1         
646082       285         1   40.6739  0.709493  -1.01315   34.4455  0.563925   1.81606         1         2         0        30         3         1         1         1         
3007953      1327         1   49.4866  0.538128  0.625049   48.8009  0.760272  -2.54646         1         2         0        14        -1         1         1         1         
58690637     25891         1   37.9783-0.0852219   2.15102   30.2764-0.0280623 -0.917709         2         2         0        27         3         1         1         1         
58697603     25894         1   34.8381  0.963786  -1.61576   38.08980.00159096   1.17985         4         2         3        42         3         1         1         1         
58700765     25896         1   31.7816  -1.07474 -0.993977   34.9624   -0.7038   1.92851         1         2         0        19         3         1         1         1         
58705810     25898         1   40.8786   1.86613   1.37078   30.3341   2.07206  -1.74038         2         2         0        28         3         1         1         1         
501097       222         1   29.2742 -0.765188   -1.2972   39.6272  0.350012  0.515507         1         3         0        59         3         1         1         1         
503133       222         1   35.6761 -0.106307    1.6532   234.377  -0.56019 -0.512006         1         3         0        98         3         1         1         1         
504316       223         1   30.3579   -1.9646   3.07318    46.194  -1.29757-0.0862652         1         2         0        29         5         1         1         1         
1962431       866         1   31.0068   1.97854  -0.69429   40.5408   0.81079   0.68743         2         4         0        38         3         1         1         1         
1967816       869         1   130.475 -0.483969  0.106325   30.7929 -0.012897  -0.72278         1         3         1        32         5         1         1         1         
1968240       869         1   25.3923   1.77968  -2.34455   35.1044   1.25198  0.881511         2         2         0        22         3         1         1         1         
2017728       891         1   34.3273  -0.37066    -0.977   30.1499-0.0309946   2.04135         1         2         1        38         3         1         1         1         
2024942       894         1   32.9338-0.0298299  0.486913   46.8959  0.103223  -1.13116         3         3         1        51         3         1         1         1         
1975537       872         1   32.9086 -0.582736  0.348302   37.8718 -0.131496   1.57442         2         3         1        65         3         1         1         1         
1976450       872         1   44.9116  0.160519   1.54521   39.6101 0.0919889  -1.31781         2         2         0        39         3         1         1         1         
1979617       874         1   31.1158  -1.90221   1.61151   31.3252  0.083566  -1.48332         3         2         0        33        -1         1         1         1         
2028859       895         1   33.8409   1.65022  -2.16569    73.246   1.80857   1.12533         2         2         0        64         3         1         1         1         
9038280      3988         1   28.8479  0.829612   2.29087   34.2116   1.12566 -0.441969         1         2         0        80         3         1         1         1         
2033933       898         1   33.1135   1.09597-0.0208853    31.526   1.73699   2.43409         1         2         0        52         3         1         1         1         
2034008       898         1   36.5398  0.782799  -1.16588   36.3428 -0.346806    1.9367         2         2         0        47        -1         1         1         1         
2174509       960         1   30.4323 -0.268803  -1.59579   36.8504 -0.366247   2.54998         1         3         0        29         5         1         1         1         
2179110       962         1   26.6728  0.544361  -2.45679   35.7471 0.0202486  0.536877         3         3         0        32         5         1         1         1         
60093009     26510         1   27.1263   1.55315  0.160054   40.8465   1.24591  -3.01253         1         2         0        28         3         1         1         1         
60093925     26510         1   30.3177 -0.882642 -0.853837   43.2484 -0.311137   2.42824         1         2         0        40         3         1         1         1         
60100542     26513         1   70.2233    1.3518  -2.00728   45.6532   1.47646   2.93931         1         4         1        73         5         1         1         1         
500192       221         1   41.7446 -0.647283   2.50019   35.5696 -0.415232    -1.733         1         2         0        57         3         1         1         1         
76630069     33805         1   29.4981  -1.57204    2.6543   41.1981 -0.478688  -1.65039         1         2         0        51         3         1         1         1         
76631091     33805         1    28.595   0.20547   2.08122   33.6877   0.73125 -0.761419         1         2         0        39         3         1         1         1         
9917971      4376         1   33.6845  0.784781    -1.399   39.4543   1.25273   1.74794         2         2         1        44         3         1         1         1         
25873325     11414         1   30.6838  0.135657 -0.907487   34.3695  0.603601   2.34241         1         2         0        24         3         1         1         1         
66793704     29466         1   37.7209   2.08927   -1.1515   30.6614   2.05757   2.00731         1         2         0        35         3         1         1         1         
66794119     29466         1   26.8651 -0.187368 0.0877903   37.8126   -0.1281   2.80591         1         2         0        32         3         1         1         1         
66794387     29466         1   28.8906 -0.938459  -1.98312   31.4381  -1.12188    1.2757         3         3         2        29         3         1         1         1         
66794709     29466         1   33.9923  -1.96606   2.46033   33.4102  -2.19797 -0.901031         1         3         0        80         3         1         1         1         
66984015     29550         1   30.7638  0.176004   3.09854   35.1533 -0.570338 -0.155393         1         2         0        30         3         1         1         1         
3866930      1706         1   30.9633   0.32527   1.71598   40.5403   1.16206 -0.772456         2         2         0        59         3         1         1         1         
3869034      1707         1   34.0244 -0.155043  -2.85471   50.0815 -0.146841  0.100568         3         2         1        51         3         1         1         1         
66798895     29468         1   37.7831  0.617329 -0.323785   37.8203 -0.460981   2.75438         2         2         1        25        -1         1         1         1         
83591        37         1   30.3127  0.167174  -1.01133   34.3849 -0.892968   2.12993         1         2         1        18         3         1         1         1         
22136033      9766         1   31.6691  -1.47439  -2.85226   30.3166  -1.18832  0.367974         1         2         0        29         3         1         1         1         
22137384      9766         1   31.0088 -0.436339  -1.13268   37.6556  0.072752   1.98626         1         2         1        36         5         1         1         1         
22138278      9767         1   28.0738  0.526746  -2.50708   43.2459   1.33599  -1.21343         1         3         0        29         3         1         1         1         
22140900      9768         1   27.1807 -0.040262  -1.88721   40.3841 -0.850385   1.49235         3         2         0        53         3         1         1         1         
22140985      9768         1   28.3752  0.376217   1.66036    32.475  0.921645  -1.53442         1         2         0        38         3         1         1         1         
22148229      9771         1   41.6461  0.105904  -1.33075   33.8873  0.965069   1.40351         1         2         0        63         3         1         1         1         
551314       244         1   32.6248 0.0963137   -1.2027   35.3387 0.0762158   1.69498         1         2         0        63         3         1         1         1         
8724310      3849         1   34.4545   0.72859 -0.591971   32.1147   1.27291   2.48612         1         2         0        20         3         1         1         1         
66775877     29458         1   28.2738  -2.03263 -0.180956   37.6089  -1.39945   2.96243         2         2         0        27         3         1         1         1         
66778064     29459         1   38.1352 -0.816189   1.46276   35.5673 -0.973735  -1.84858         1         2         0        35         3         1         1         1         
66778514     29459         1   30.2502 -0.133779  -1.54912   30.4831 -0.159875   1.59779         1         2         1        40         3         1         1         1         
66783957     29462         1   36.2203  -1.95327   1.83662   39.9125 -0.614797   -1.2246         1         2         0        60         3         1         1         1         
66786969     29463         1   26.6122    1.1774  -2.77462   42.4642   2.07783  0.420986         1         2         0        23         3         1         1         1         
66787537     29463         1    29.532  0.935951 -0.447984   31.9135  0.218838  -3.04763         2         2         0        71         3         1         1         1         
66788435     29464         1   51.3937-0.0824369  0.182599   43.8601   0.76685  -1.55707         1         3         0        37         3         1         1         1         
66796027     29467         1   35.7769 -0.303166   1.08906   34.0022  -1.02433  -2.18398         1         2         0        22         3         1         1         1         
717675       317         1   32.6199 -0.270099   1.39413   32.0563  0.615272   3.07674         5         3         1        53         3         1         1         1         
726778       321         1   28.1971 -0.463932   2.49583   32.9492  -1.88615  -2.10562         1         3         1        40         3         1         1         1         
729472       322         1    34.662 -0.578183  -1.06801   32.4897  0.108227   2.50196         2         2         0        30         3         1         1         1         
6618453      2920         1   31.7792   1.01574   2.96336   36.4004   1.60723 -0.185756         1         2         0        25         3         1         1         1         
6630363      2925         1   32.5439  0.769442   3.01972    34.166  0.475495 -0.125014         1         2         0        29         3         1         1         1         
6620027      2921         1   39.5036   1.75082  0.454024   30.4042   1.68628   2.02911         2         3         0        46         3         1         1         1         
21755063      9598         1   46.4605  -1.60129  -2.71426   34.8425  -1.79592  0.234852         1         2         0        33         5         1         1         1         
66985928     29551         1   34.7365   1.05221  -2.52222   35.2855  0.889232  0.590317         2         2         0        63         5         1         1         1         
6675021      2945         1   34.1189   1.17589   1.92013    33.212   1.41373  -1.04661         1         2         0        20         6         1         1         1         
6675303      2945         1   43.1045   1.24858  0.646467   30.2124   1.74436  -2.31222         1         2         0        73         3         1         1         1         
9013203      3977         1   34.7279  -1.92642 -0.897893   39.7034  -2.14427   2.33855         1         2         3        51         3         1         1         1         
9014022      3977         1   35.6623   1.65253    2.5905   30.6172  0.965223 -0.906285         1         2         0        36         3         1         1         1         
9014134      3977         1   31.2613  -0.11195  -3.10425   33.8101  0.217749  0.162338         2         2         0        31         5         1         1         1         
11314971      4992         1   25.4487 0.0934967  -2.92471   37.2085 -0.859653  0.357315         2         2         1        44         3         1         1         1         
11315239      4992         1   25.8263  0.778106  -1.12101   40.7826   0.27887   2.00479         1         2         0        39         3         1         1         1         
13689994      6040         1   33.6792 -0.850659   1.24427   46.4076  -2.10641  -1.58609         2         2         2        15        -1         1         1         1         
13690187      6040         1    30.048   1.93527   -3.1404   48.6836   2.15465  0.177524         1         2         0        18         3         1         1         1         
13693581      6041         1   40.7276 -0.560459  -2.92411   36.6935 -0.805808 0.0576197         3         2         0        50         3         1         1         1         
6792536      2997         1    42.434    0.7756   1.38391   49.4795  0.878647   2.81232         2         3         0        82         5         1         1         1         
5832472      2573         1   28.1091  -1.28282  0.735769   53.9965  -1.29961  -2.46588         1         2         0        40         3         1         1         1         
5834238      2574         1   30.3049   -1.1297   1.80763   36.8961  0.210338  -1.20929         1         2         0        29         3         1         1         1         
19941066      8797         1   25.6017  0.472042  0.292691   49.6791 -0.353553  -1.60369         1         3         0        60         6         1         1         1         
19943934      8799         1   33.5565-0.0227458 -0.947133   32.8705     1.174   2.71348         2         3         1        36         3         1         1         1         
19944709      8799         1    28.992   1.00279  -2.51024   46.5001   1.64465  0.526345         1         2         0        30         3         1         1         1         
19994819      8821         1   28.1943 -0.989185  -2.15239     38.64-0.0489316  0.627822         3         3         0        49         3         1         1         1         
22340162      9856         1   36.6587   1.47996   1.99196   30.9997  0.854832 -0.939517         1         3         0        23         5         1         1         1         
20047550      8844         1   29.2787   1.97911  -1.41092   36.2741   1.68942   1.71991         1         2         1        46         3         1         1         1         
20050080      8845         1   29.0169  0.351052 -0.157472   36.7126  0.704613   2.94846         1         2         0        58         5         1         1         1         
22156716      9775         1   56.6702 -0.462948   1.54124   69.2897 -0.256261    2.5087         2         4         0        42         3         1         1         1         
22157306      9775         1   37.0602 -0.150523  -2.78574   32.4759 -0.854074  0.348648         1         2         0        32         3         1         1         1         
22158950      9776         1   35.5894 -0.771089   2.78519   32.8069  -1.11909 -0.566181         1         2         0        57         3         1         1         1         
22091167      9746         1   36.1368 -0.287424  -1.87098   38.7595 -0.678373   1.35881         1         2         0        69         3         1         1         1         
22094572      9747         1   34.9712 -0.718057 -0.224709   36.2991  -1.26523   2.92467         2         2         0        31         3         1         1         1         
24473453     10797         1   36.9804 -0.305104   -2.2184    46.769 -0.482024  0.925123         2         3         0        53         5         1         1         1         
20051225      8846         1    32.074  -1.61477   2.18038   30.4508   -1.2241  -1.24264         2         2         0        21         3         1         1         1         
20053470      8847         1   34.2838   -1.0986   1.60363   38.8269  -1.15477    -1.546         1         2         0        15         3         1         1         1         
16786036      7405         1   27.4949  0.683478  0.165822   46.1617   1.83772  -2.92966         1         2         0        19         3         1         1         1         
1554913       686         1   28.5642  0.720252  -1.20368   39.8542  0.353647   2.02189         1         3         0        37         3         1         1         1         
5674609      2504         1   31.6641 -0.207173 -0.235012   42.0411 0.0498439   2.47524         2         3         0        36         5         1         1         1         
5674700      2504         1   29.1312  0.558057  -1.66319   51.7844  0.358579     1.466         1         2         0        14         3         1         1         1         
20202950      8913         1   51.9221  -1.70265   2.22031   70.5071  -1.88702 -0.647169         2         5         0        42         3         1         1         1         
20334988      8971         1   29.2036  0.444166   2.07673   41.1888 0.0872673  -3.00985         3         5         0        95         3         1         1         1         
612357       271         1   30.9939  0.333163   1.09065    34.948  0.471955  -1.99806         1         2         0        24         3         1         1         1         
613741       271         1   40.5711  -0.20187  -1.75456   32.7856 0.0129768   1.25875         1         2         0        44         3         1         1         1         
616219       272         1   25.4863 0.0414625  -3.08317   40.9799  0.885043  0.103267         1         2         0        50         3         1         1         1         
32029849     14130         1   37.6312  -1.91155   1.82804   35.1871 -0.732428  -1.38049         2         2         0        39         3         1         1         1         
32030654     14130         1   30.8784  0.159766  -2.11619   37.5987  0.456035  0.926297         1         2         0        39         3         1         1         1         
32030877     14131         1   38.3264  0.224916  -2.45066   30.6538   1.72289  0.770226         1         2         0        25        -1         1         1         1         
32031053     14131         1   34.7543  0.914723  0.748811   35.0982    1.5566  -2.25413         1         2         0        34         3         1         1         1         
