event      lumi       run    ele pt   ele eta   ele phi    tau pt   tau eta   tau phi      nEle      nTau       nMu       nMC genMatch2 diEleVeto  eVetoZtt  mVetoZtt         
4433346      1956         1   62.6951  -1.57902  -2.82906   33.4828  -1.41594 -0.546124         4         3         0        37        -1         1         1         1         
4413207      1947         1   28.5378  -1.60353  -1.73092   50.9581  -1.37494    1.4626         1         2         0        33         3         1         1         1         
4416347      1949         1   42.7718  -0.58066 -0.476612   45.9304 -0.924432   2.97464         1         2         0        17        -1         1         1         1         
4519381      1994         1   30.7536  0.660556 -0.795329   32.6869   0.71876   2.33583         1         2         0        77         3         1         1         1         
12806227      5650         1   33.9548  0.824621  -2.70149   93.5235   1.09982  0.441403         1         2         0        48         5         1         1         1         
15617232      6890         1   38.4212 -0.636183   1.79823   37.1149 -0.613346  -1.56508         1         2         0        15         3         1         1         1         
16281684      7183         1   36.6707   1.75455  -1.08213   30.8256   2.19095   2.28954         1         3         0        24         3         1         1         1         
21209941      9357         1   29.9383  0.175539  0.294409   42.4802 -0.208211  -2.76322         1         2         0        34         3         1         1         1         
21210321      9357         1    25.111 0.0284819   1.24331   51.0608 -0.215725  -2.34144         1         3         0        32         3         1         1         1         
420580       186         1    55.879    1.0825   1.85958   32.7636  0.693182 -0.369389         2         2         1        67         5         1         1         1         
420588       186         1   41.9659  -0.72767  0.207711   36.4321   -0.7889  -1.41453         1         3         0        50         3         1         1         1         
15510421      6843         1   47.8117  -1.58262  -2.58949   38.4404  -1.27367  0.532026         1         2         0        35        -1         1         1         1         
1649067       728         1   39.3352  0.450878   -2.0553   33.5277  0.877714  0.760243         2         3         2        47         3         1         1         1         
9175093      4048         1   62.0477  -1.85043  0.717083   72.3818   -1.3612  -2.97106         2         2         2        16        -1         1         1         1         
867202       383         1   31.0279   1.24285   1.73947   43.6024   1.63401  -1.61189         1         2         0        22         3         1         1         1         
13515877      5963         1   46.2969  0.550725   1.76103   32.0531  0.924536  0.640723         1         4         1        55         3         1         1         1         
13517295      5963         1   47.6633   -1.1195   1.08787   36.8969 -0.739156  -2.13145         2         2         0        22        -1         1         1         1         
823466       364         1   41.5688 -0.039914 -0.239862   69.8386  0.459494  -1.67293         1         3         0        26         3         1         1         1         
824918       364         1   27.4193  0.979125   1.33003   39.8941  0.703215  -1.85532         1         2         0        27         3         1         1         1         
15614219      6889         1   39.3393  -1.02422  -2.90067   40.0398  -1.02298  0.243719         2         2         0        45         3         1         1         1         
9126011      4026         1    28.733  0.594248 0.0305876   41.0859   0.46199  -3.11464         1         2         0        55         3         1         1         1         
9128537      4027         1   41.1035    1.2021   -1.4172   38.0735   1.13422   2.78863         2         2         1        43         5         1         1         1         
17259838      7614         1   28.7961 0.0528115  -1.47251   43.1291   0.24476   1.23038         1         2         0        24         3         1         1         1         
9173848      4047         1   212.285  -0.61979    1.8093   34.3205  -0.50395   1.09689         1         4         5        99         3         1         1         1         
9176415      4049         1   31.6013  -1.40496  0.838973   40.8312 -0.906447  -2.18821         1         2         0        42         6         1         1         1         
12669676      5590         1   47.9598   0.50639  -1.52621    42.313  0.421141   1.78022         5         2         1        37        -1         1         1         1         
12672835      5591         1     31.25  0.520528  -1.08207   44.9589  0.590227   2.27546         2         3         0        25         3         1         1         1         
12674321      5592         1     40.93  -1.34023  0.945816   47.4364  -1.67607  -2.60073         2         2         0        38        -1         1         1         1         
16055569      7083         1   39.2088  -1.21368  -2.55439   31.2169  -1.70147  0.838325         1         2         1        64         5         1         1         1         
41801463     18441         1   32.2573   -1.0124   2.71511    31.843 -0.945862 -0.402005         1         2         0        41         3         1         1         1         
6006830      2650         1   34.0217   1.46566 -0.979005   39.0176   1.12384   2.30268         2         2         0        31         5         1         1         1         
70947887     31298         1   37.8875   1.91612  -2.25293   31.6622    1.5522  0.678061         1         2         0        30         3         1         1         1         
70835251     31249         1   34.1697  0.103943 -0.343379   33.6119   0.34046   2.99966         2         2         0        78         3         1         1         1         
70837446     31250         1    40.871  0.649217  0.418628   41.0502  0.748636  -2.46638         1         2         0        31         3         1         1         1         
429983       190         1   27.4097   1.61309   1.20931   34.4743   1.64522  -1.91412         1         2         0        25         3         1         1         1         
440277       195         1   29.1487   -0.2365   -0.7581   32.8894 -0.480027   2.65216         1         2         0        29         3         1         1         1         
12005634      5297         1   29.5653   1.61934  -1.39877   33.7657   1.69023   2.33912         1         2         0        30         3         1         1         1         
12005686      5297         1   50.9683   1.99536  -2.23005   34.7616   2.03585   1.64449         1         2         0        62         5         1         1         1         
12009397      5298         1   25.3791 -0.264405   1.55354   37.5489 -0.614586  -1.51799         1         2         0        40         3         1         1         1         
9662270      4263         1   40.3217   1.54913  -2.01507   42.8874   1.74022    1.1155         1         3         0        44         5         1         1         1         
468151       207         1   32.1568   1.11948  0.845787   33.2261  0.814164  -2.33927         2         2         0        33         5         1         1         1         
472870       209         1    29.222  -1.16018 -0.880044   36.7309  -1.34718   2.27263         1         2         1        15         6         1         1         1         
481688       213         1   59.1294  0.412682  -2.12303   44.5842  0.760609   1.94526         1         2         0        37         3         1         1         1         
490541       217         1   25.4065  0.441657  -1.76591   35.9764 0.0715182   1.17255         1         2         0        40         3         1         1         1         
28483758     12566         1   30.7353  0.422935  0.622872   34.1521  0.337407  -2.52198         2         2         1        36         3         1         1         1         
15934298      7030         1   38.7089   0.84278  0.253638   53.6345   1.05983  -3.07601         1         2         0        60         3         1         1         1         
16011815      7064         1   40.2555   1.05281  0.334813    32.658  0.763544  -2.71004         1         2         0        45         3         1         1         1         
16014433      7065         1   44.4909-0.0851981  -1.82996   38.2693-0.0965076   2.64989         2         4         1        35         3         1         1         1         
42636353     18809         1   36.0438  -1.56766   1.91233   40.9339  -1.36361  -1.02769         1         2         0        35         3         1         1         1         
41597903     18351         1   28.0227   1.34933  -2.55709   35.0999   1.79076   1.08999         2         2         0        59         3         1         1         1         
41604340     18354         1   37.0249 -0.127625   1.27682    45.025 -0.209431   -1.9063         1         2         0        40         3         1         1         1         
15010857      6622         1   44.4377  -1.73132 -0.979966   33.2078  -1.84513   2.20535         2         2         1        23         3         1         1         1         
11030207      4866         1     25.92 -0.942038 -0.535372   144.187  -0.72281  -1.07422         2         5         0        91         3         1         1         1         
11031503      4867         1   33.5553 -0.377777  -1.58931   31.1076 -0.241937    1.5618         1         2         0        22         3         1         1         1         
11032546      4867         1   34.3085   1.15064  0.899815   32.8152  0.911907   -2.3157         1         2         0        68         3         1         1         1         
7559039      3335         1   28.4252     1.463  -1.46864    65.403   1.42239   2.17498         1         2         0        55         3         1         1         1         
7570535      3340         1   45.1351  -1.44582   2.79469   30.4359  -1.71405  -1.11127         2         2         0        42         3         1         1         1         
14897821      6572         1    27.963 -0.584387    2.3217   33.9949 -0.801729 -0.775009         1         2         0        26         5         1         1         1         
14919206      6582         1   37.5207  -1.94913  -1.57142   42.3912  -2.15368   1.75011         1         2         0        64         3         1         1         1         
455021       201         1   29.1398 -0.676632   3.03457   59.0921 -0.565042   1.99059         2         3         1        64         5         1         1         1         
814707       360         1   37.5145 -0.590534  -1.51973   30.8954 -0.925239   1.52366         1         2         0        24         3         1         1         1         
7540353      3327         1   45.4257  0.270416  0.186505   44.2968  0.413673  -2.94112         2         2         0        17         3         1         1         1         
7540459      3327         1   47.7485   1.11079  -1.09351   49.4824   1.19759   1.29909         1         2         0        85         3         1         1         1         
640903       283         1   33.6705  -1.53357 -0.814332   41.6876  -1.58715   2.07294         3         2         0        49         3         1         1         1         
2915496      1287         1   37.7994  0.372691   0.44826   34.7796 0.0652187  -2.72751         2         2         0        39         3         1         1         1         
2834792      1251         1   34.8471  -1.98508  0.759933   37.3515  -2.09184  -1.44733         1         3         0        39         5         1         1         1         
2837510      1252         1   26.3257  -1.08431   0.67749   49.7973  -1.52363  -2.94757         1         2         0        63         3         1         1         1         
59694588     26334         1   35.8452  0.720174  -2.73558   37.7953  0.265807   0.35512         1         2         0        69         5         1         1         1         
53201        24         1   29.3547   1.18489   2.33105   34.1734   1.62542 -0.759278         3         2         0        29         3         1         1         1         
5865475      2588         1   32.9631   1.71093  -1.72256   40.1936   1.47526  0.996336         1         2         0        28         3         1         1         1         
5868261      2589         1   80.9882  -1.63288 -0.639435    56.051  -1.22049  0.139034         1         4         0        63         6         1         1         1         
22103609      9751         1   33.2698  0.806247   2.03185   38.6249  0.791661  -1.14947         1         2         0        28         3         1         1         1         
2890356      1276         1   26.3792   2.02173 -0.361868   70.3488   1.98357  -1.98685         2         3         0        62         3         1         1         1         
617526       273         1   34.0753  0.531286  -2.37345   31.5069     0.824  0.934664         1         2         1        53         3         1         1         1         
59876261     26414         1   44.1268  0.027452   -1.3495   38.7509 -0.263094   3.08032         2         3         0        38         3         1         1         1         
643779       284         1   35.7005   1.59409 -0.484291   30.3602   1.50931   2.66808         1         2         0        85         3         1         1         1         
646082       285         1   40.6739  0.709493  -1.01315   34.4455  0.563925   1.81606         1         2         0        30         3         1         1         1         
3007953      1327         1   49.4866  0.538128  0.625049   48.8009  0.760272  -2.54646         1         2         0        14        -1         1         1         1         
58690637     25891         1   37.9783-0.0852219   2.15102   30.2764-0.0280623 -0.917709         2         2         0        27         3         1         1         1         
58700765     25896         1   31.7816  -1.07474 -0.993977   34.9624   -0.7038   1.92851         1         2         0        19         3         1         1         1         
58705810     25898         1   40.8786   1.86613   1.37078   30.3341   2.07206  -1.74038         2         2         0        28         3         1         1         1         
503133       222         1   35.6761 -0.106307    1.6532   234.377  -0.56019 -0.512006         1         3         0        98         3         1         1         1         
1967816       869         1   130.475 -0.483969  0.106325   30.7929 -0.012897  -0.72278         1         3         1        32         5         1         1         1         
1968240       869         1   25.3923   1.77968  -2.34455   35.1044   1.25198  0.881511         2         2         0        22         3         1         1         1         
2017728       891         1   34.3273  -0.37066    -0.977   30.1499-0.0309946   2.04135         1         2         1        38         3         1         1         1         
2024942       894         1   32.9338-0.0298299  0.486913   46.8959  0.103223  -1.13116         3         3         1        51         3         1         1         1         
1975537       872         1   32.9086 -0.582736  0.348302   37.8718 -0.131496   1.57442         2         3         1        65         3         1         1         1         
1976450       872         1   44.9116  0.160519   1.54521   39.6101 0.0919889  -1.31781         2         2         0        39         3         1         1         1         
2028859       895         1   33.8409   1.65022  -2.16569    73.246   1.80857   1.12533         2         2         0        64         3         1         1         1         
9038280      3988         1   28.8479  0.829612   2.29087   34.2116   1.12566 -0.441969         1         2         0        80         3         1         1         1         
2174509       960         1   30.4323 -0.268803  -1.59579   36.8504 -0.366247   2.54998         1         3         0        29         5         1         1         1         
60093009     26510         1   27.1263   1.55315  0.160054   40.8465   1.24591  -3.01253         1         2         0        28         3         1         1         1         
60100542     26513         1   70.2233    1.3518  -2.00728   45.6532   1.47646   2.93931         1         4         1        73         5         1         1         1         
500192       221         1   41.7446 -0.647283   2.50019   35.5696 -0.415232    -1.733         1         2         0        57         3         1         1         1         
9917971      4376         1   33.6845  0.784781    -1.399   39.4543   1.25273   1.74794         2         2         1        44         3         1         1         1         
25873325     11414         1   30.6838  0.135657 -0.907487   34.3695  0.603601   2.34241         1         2         0        24         3         1         1         1         
66793704     29466         1   37.7209   2.08927   -1.1515   30.6614   2.05757   2.00731         1         2         0        35         3         1         1         1         
66794119     29466         1   26.8651 -0.187368 0.0877903   37.8126   -0.1281   2.80591         1         2         0        32         3         1         1         1         
66794387     29466         1   28.8906 -0.938459  -1.98312   31.4381  -1.12188    1.2757         3         3         2        29         3         1         1         1         
66794709     29466         1   33.9923  -1.96606   2.46033   33.4102  -2.19797 -0.901031         1         3         0        80         3         1         1         1         
3869034      1707         1   34.0244 -0.155043  -2.85471   50.0815 -0.146841  0.100568         3         2         1        51         3         1         1         1         
22136033      9766         1   31.6691  -1.47439  -2.85226   30.3166  -1.18832  0.367974         1         2         0        29         3         1         1         1         
551314       244         1   32.6248 0.0963137   -1.2027   35.3387 0.0762158   1.69498         1         2         0        63         3         1         1         1         
66778064     29459         1   38.1352 -0.816189   1.46276   35.5673 -0.973735  -1.84858         1         2         0        35         3         1         1         1         
66778514     29459         1   30.2502 -0.133779  -1.54912   30.4831 -0.159875   1.59779         1         2         1        40         3         1         1         1         
6630363      2925         1   32.5439  0.769442   3.01972    34.166  0.475495 -0.125014         1         2         0        29         3         1         1         1         
6620027      2921         1   39.5036   1.75082  0.454024   30.4042   1.68628   2.02911         2         3         0        46         3         1         1         1         
21755063      9598         1   46.4605  -1.60129  -2.71426   34.8425  -1.79592  0.234852         1         2         0        33         5         1         1         1         
66985928     29551         1   34.7365   1.05221  -2.52222   35.2855  0.889232  0.590317         2         2         0        63         5         1         1         1         
6675021      2945         1   34.1189   1.17589   1.92013    33.212   1.41373  -1.04661         1         2         0        20         6         1         1         1         
6675303      2945         1   43.1045   1.24858  0.646467   30.2124   1.74436  -2.31222         1         2         0        73         3         1         1         1         
9013203      3977         1   34.7279  -1.92642 -0.897893   39.7034  -2.14427   2.33855         1         2         3        51         3         1         1         1         
9014134      3977         1   31.2613  -0.11195  -3.10425   33.8101  0.217749  0.162338         2         2         0        31         5         1         1         1         
11315239      4992         1   25.8263  0.778106  -1.12101   40.7826   0.27887   2.00479         1         2         0        39         3         1         1         1         
13690187      6040         1    30.048   1.93527   -3.1404   48.6836   2.15465  0.177524         1         2         0        18         3         1         1         1         
13693581      6041         1   40.7276 -0.560459  -2.92411   36.6935 -0.805808 0.0576197         3         2         0        50         3         1         1         1         
6792536      2997         1    42.434    0.7756   1.38391   49.4795  0.878647   2.81232         2         3         0        82         5         1         1         1         
5832472      2573         1   28.1091  -1.28282  0.735769   53.9965  -1.29961  -2.46588         1         2         0        40         3         1         1         1         
19941066      8797         1   25.6017  0.472042  0.292691   49.6791 -0.353553  -1.60369         1         3         0        60         6         1         1         1         
20047550      8844         1   29.2787   1.97911  -1.41092   36.2741   1.68942   1.71991         1         2         1        46         3         1         1         1         
20050080      8845         1   29.0169  0.351052 -0.157472   36.7126  0.704613   2.94846         1         2         0        58         5         1         1         1         
22156716      9775         1   56.6702 -0.462948   1.54124   69.2897 -0.256261    2.5087         2         4         0        42         3         1         1         1         
22158950      9776         1   35.5894 -0.771089   2.78519   32.8069  -1.11909 -0.566181         1         2         0        57         3         1         1         1         
22091167      9746         1   36.1368 -0.287424  -1.87098   38.7595 -0.678373   1.35881         1         2         0        69         3         1         1         1         
24473453     10797         1   36.9804 -0.305104   -2.2184    46.769 -0.482024  0.925123         2         3         0        53         5         1         1         1         
20051225      8846         1    32.074  -1.61477   2.18038   30.4508   -1.2241  -1.24264         2         2         0        21         3         1         1         1         
20053470      8847         1   34.2838   -1.0986   1.60363   38.8269  -1.15477    -1.546         1         2         0        15         3         1         1         1         
1554913       686         1   28.5642  0.720252  -1.20368   39.8542  0.353647   2.02189         1         3         0        37         3         1         1         1         
5674609      2504         1   31.6641 -0.207173 -0.235012   42.0411 0.0498439   2.47524         2         3         0        36         5         1         1         1         
5674700      2504         1   29.1312  0.558057  -1.66319   51.7844  0.358579     1.466         1         2         0        14         3         1         1         1         
20202950      8913         1   51.9221  -1.70265   2.22031   70.5071  -1.88702 -0.647169         2         5         0        42         3         1         1         1         
20334988      8971         1   29.2036  0.444166   2.07673   41.1888 0.0872673  -3.00985         3         5         0        95         3         1         1         1         
612357       271         1   30.9939  0.333163   1.09065    34.948  0.471955  -1.99806         1         2         0        24         3         1         1         1         
613741       271         1   40.5711  -0.20187  -1.75456   32.7856 0.0129768   1.25875         1         2         0        44         3         1         1         1         
32030654     14130         1   30.8784  0.159766  -2.11619   37.5987  0.456035  0.926297         1         2         0        39         3         1         1         1         
