event	lumi	run	ele pt	tau pt	met	taudm	tauGM
4436039	1957	1	28.3046	34.7205	27.1974	1	5
4438116	1958	1	30.4857	44.9205	18.8951	1	5
4439801	1959	1	30.4771	38.4585	31.7213	10	5
4413207	1947	1	28.7783	51.3148	34.9411	0	5
4519381	1994	1	30.7824	32.7196	22.3013	10	5
427301	189	1	29.7956	39.6527	34.3194	1	5
12806227	5650	1	34.0985	93.3365	65.2417	1	5
12806341	5650	1	37.9495	55.4664	17.0766	11	5
15617232	6890	1	37.9313	37.0406	21.4446	1	5
16281684	7183	1	37.1994	31.0414	25.9319	0	5
17255299	7612	1	32.9256	49.9631	35.752	1	1
17255801	7613	1	65.8528	74.6606	74.1852	10	5
21209941	9357	1	29.2397	42.3953	37.8234	1	5
21210321	9357	1	25.2942	50.9587	44.995	1	5
16288238	7186	1	34.4036	46.4059	127.698	10	5
423352	187	1	26.4474	38.6471	19.6009	0	5
15516289	6845	1	31.4411	31.6257	23.2757	0	5
15510421	6843	1	50.8849	39.8243	17.7897	1	1
15511055	6843	1	37.7019	40.6195	11.9533	1	5
15537219	6855	1	37.3131	40.8871	15.7496	10	5
15537474	6855	1	45.0939	41.6107	20.4576	0	5
15548827	6860	1	28.2535	36.7467	30.7094	0	5
1645188	726	1	28.9136	38.9334	7.14505	1	5
1649067	728	1	39.6517	33.4606	8.08392	1	5
12654875	5583	1	28.9726	36.5966	46.8916	0	5
15513313	6844	1	39.3812	32.5507	42.6628	11	5
867202	383	1	30.9855	43.646	46.555	10	5
869765	384	1	25.7836	35.6556	48.5005	10	5
873828	386	1	52.3493	35.1048	47.9196	1	5
13515877	5963	1	47.1742	32.0531	175.023	11	5
824918	364	1	27.5264	39.8143	50.4111	1	5
860701	380	1	25.3531	41.3883	52.3082	1	5
15614219	6889	1	38.3614	39.9597	29.8556	1	5
9128537	4027	1	43.5858	38.1115	22.3035	10	5
17259838	7614	1	29.3879	43.0428	40.4227	1	5
9136111	4031	1	30.9599	30.0424	75.3296	1	5
9173004	4047	1	37.3498	35.8857	29.6331	1	5
9173848	4047	1	216.214	34.3548	27.1116	10	5
9176415	4049	1	32.0246	40.8721	76.7051	10	5
12668470	5589	1	39.5992	41.3458	13.1086	10	1
12669676	5590	1	47.7111	42.44	76.6469	0	1
12674321	5592	1	39.8704	49.1441	7.14743	1	1
16055569	7083	1	38.7266	31.4354	2.99443	0	5
41801463	18441	1	32.5731	31.8748	7.73171	10	5
41811942	18445	1	38.7088	38.5391	30.8585	1	5
6004977	2650	1	46.9473	34.43	55.4448	10	5
76412757	33709	1	42.5517	39.0526	40.4212	1	1
70947887	31298	1	37.306	31.6622	51.3488	11	5
70834828	31249	1	32.277	44.1512	30.8543	0	5
70835251	31249	1	34.2307	33.8472	28.9035	0	5
70837446	31250	1	40.7966	40.9681	60.4804	1	5
5998514	2647	1	33.1241	37.652	28.8801	1	5
438560	194	1	37.8629	42.1197	31.4226	1	5
440277	195	1	28.7081	33.1196	16.5141	0	5
12005634	5297	1	28.7851	33.6982	53.2401	1	5
12005686	5297	1	46.8038	35.005	17.8838	0	5
12009397	5298	1	25.4757	37.4738	19.5612	1	5
9662270	4263	1	39.1565	43.1876	37.7609	0	5
468151	207	1	32.4386	33.2594	13.526	10	5
475206	210	1	34.5849	30.7781	21.5482	1	5
481688	213	1	59.9181	44.495	26.7741	1	5
490541	217	1	25.2438	35.9764	14.4423	11	5
28483758	12566	1	30.7734	34.0838	22.7324	1	5
12090067	5334	1	34.743	30.3897	13.7883	1	5
16014287	7065	1	38.302	40.0143	52.6856	11	5
42636353	18809	1	36.0967	41.2205	89.8186	0	5
42636920	18809	1	29.1467	31.1873	4.64753	1	5
15002074	6618	1	41.603	34.1575	29.3799	1	5
41597903	18351	1	28.2082	35.3456	22.8698	0	5
41604340	18354	1	36.2059	44.935	29.3878	1	5
38848	18	1	25.8881	36.3327	14.0896	10	5
43947	20	1	36.7108	56.5417	82.4191	1	5
15010857	6622	1	42.6543	33.1414	26.2267	1	5
7543917	3328	1	31.1761	45.3384	8.93597	1	1
7552702	3332	1	33.8531	31.1667	18.5343	1	5
11030207	4866	1	26.1087	145.196	155.835	0	5
11031503	4867	1	33.8515	31.1076	33.4254	11	5
11032546	4867	1	34.6401	32.7496	59.8579	1	5
11032715	4867	1	35.7765	31.2461	37.402	1	5
7559973	3335	1	37.5705	37.9989	12.6958	10	5
7568135	3339	1	75.0988	43.0728	119.031	10	5
7570098	3340	1	31.7661	38.8825	11.5803	1	5
7570535	3340	1	44.0504	30.6489	18.9466	0	5
11618517	5126	1	42.9384	42.2239	31.6039	10	5
634640	280	1	40.5788	42.2007	21.8092	1	5
14891947	6570	1	28.9355	46.8431	25.8663	10	5
14899227	6573	1	81.7542	33.0613	40.6682	0	5
14908724	6577	1	46.6914	55.778	44.206	0	1
14919206	6582	1	36.7921	42.3064	55.6735	1	5
455021	201	1	29.4235	58.9739	116.55	1	5
7540353	3327	1	45.6903	44.2082	52.2166	1	5
640903	283	1	33.0196	41.7293	20.0436	10	5
2915496	1287	1	37.7527	34.7796	30.6635	11	5
6019745	2656	1	29.8075	48.7101	75.6425	1	5
2837149	1252	1	39.3657	31.9178	11.9673	0	5
2837510	1252	1	26.2834	49.6977	28.4725	1	5
59692705	26333	1	44.9289	31.1826	34.2983	10	5
59694588	26334	1	36.4471	37.7197	34.8537	1	5
53201	24	1	28.7708	34.105	8.58381	1	5
5865475	2588	1	33.1441	40.2338	9.12497	10	5
5868261	2589	1	78.872	55.9389	73.6204	1	5
22103609	9751	1	33.2961	38.6635	21.5388	10	5
22103754	9751	1	42.5131	39.9325	107.694	10	5
2890356	1276	1	27.4355	70.4191	61.5584	10	5
617526	273	1	33.838	31.4439	13.2524	1	5
59875959	26414	1	30.2663	30.5225	44.3236	1	5
59876261	26414	1	44.1033	39.0222	25.2607	0	5
643779	284	1	34.6003	30.2994	27.3199	1	5
3007953	1327	1	50.7444	50.5577	12.9544	1	1
58690637	25891	1	37.9645	30.2159	17.8125	1	5
58697603	25894	1	34.8515	38.0136	26.2753	1	5
58700765	25896	1	30.5506	34.8925	57.1539	1	5
58705810	25898	1	42.0265	30.3341	16.3527	11	5
501097	222	1	29.0487	39.5479	74.1227	1	5
501865	222	1	32.3771	32.2461	13.1792	0	5
504316	223	1	32.787	46.2402	23.0039	10	5
1962431	866	1	31.1362	40.4597	23.6418	1	5
1967816	869	1	130.438	31.0085	111.001	0	5
1968240	869	1	24.3969	35.3501	9.69165	0	5
2017728	891	1	34.5003	30.18	28.533	10	5
2024942	894	1	32.3476	46.9428	41.7976	10	5
1975537	872	1	32.6335	38.1369	30.9257	0	5
1976450	872	1	43.777	39.5309	15.0724	1	5
2028859	895	1	33.5255	73.0995	119.368	1	5
9038280	3988	1	29.2653	34.1431	23.6822	1	5
2033933	898	1	32.6152	31.463	14.2684	1	5
2174509	960	1	30.4358	37.1084	13.7533	0	5
2179110	962	1	26.6509	35.6756	36.517	1	5
60093009	26510	1	27.8249	40.7649	25.1934	1	5
60093925	26510	1	30.0993	43.5511	64.3363	0	5
60100542	26513	1	70.9139	45.9727	78.7296	0	5
76630069	33805	1	30.6722	41.1981	20.2768	11	5
76631091	33805	1	28.2387	33.9235	84.2575	0	5
25873325	11414	1	31.5639	34.3007	15.2894	1	5
66794709	29466	1	35.4384	33.3434	24.5725	1	5
66984015	29550	1	30.4483	35.083	35.5829	1	5
3869034	1707	1	33.6502	50.1316	17.2882	10	5
83591	37	1	30.1984	34.3161	27.9141	1	5
22136033	9766	1	31.4484	30.256	6.01892	1	5
22137384	9766	1	31.2512	37.6556	41.4513	11	5
22138278	9767	1	28.7774	43.5486	73.7846	0	5
22140985	9768	1	28.7982	32.4101	26.3187	1	5
22148229	9771	1	41.5619	33.8195	15.6833	1	5
551314	244	1	32.4557	35.374	24.0651	10	5
8724310	3849	1	34.4616	32.0505	5.7845	1	5
66775877	29458	1	27.3222	37.5337	18.2151	1	5
66778064	29459	1	38.0378	35.8163	20.6973	0	5
66778514	29459	1	29.6211	30.4221	36.7721	1	5
66783957	29462	1	37.0538	39.8327	1.76421	1	5
66786969	29463	1	25.4475	42.3793	21.9887	1	5
66787537	29463	1	29.9555	31.9454	12.3101	10	5
66788435	29464	1	52.282	43.7724	61.3561	1	5
717670	317	1	60.621	61.049	16.7977	1	5
717675	317	1	32.2769	31.9922	40.3235	1	5
726778	321	1	28.3331	32.8833	7.77067	1	5
729472	322	1	35.22	32.4248	66.862	1	5
6618453	2920	1	31.6923	36.3276	28.89	1	5
6630363	2925	1	32.4875	34.166	20.5902	11	5
6620027	2921	1	39.3033	30.3434	35.0093	1	5
21755063	9598	1	47.7566	34.7728	39.0542	1	5
6675021	2945	1	33.3565	33.2452	18.0734	10	5
9013203	3977	1	34.848	39.7431	15.4546	10	5
9014134	3977	1	31.4612	33.8439	9.4543	10	5
11314971	4992	1	25.5473	37.2457	35.3923	10	5
11315239	4992	1	25.8069	40.701	10.9519	1	5
13690187	6040	1	30.7379	49.0244	56.1894	0	5
13693581	6041	1	40.5488	36.6201	45.4851	1	5
6792536	2997	1	43.4855	49.8259	47.6717	0	5
5832472	2573	1	27.3099	54.0505	20.3663	10	5
5834238	2574	1	30.5158	36.933	29.1437	10	5
19943934	8799	1	33.506	32.9034	39.882	10	5
22340162	9856	1	36.1276	30.9377	41.9478	1	5
20050080	8845	1	28.3992	36.6391	34.5106	1	5
22156716	9775	1	57.5629	69.1512	51.7379	1	5
22157306	9775	1	37.2877	32.4109	45.8739	1	5
22158950	9776	1	35.6183	33.0366	32.4773	0	5
22091167	9746	1	36.4492	38.682	9.51062	1	5
24473453	10797	1	36.889	46.8158	19.0111	10	5
16786036	7405	1	27.6454	46.0694	21.4586	1	5
5674609	2504	1	31.6749	42.0831	36.3351	10	5
5674700	2504	1	29.0153	51.6809	39.4771	1	5
20202950	8913	1	51.8804	70.5776	62.0228	10	5
612357	271	1	30.9905	34.8781	34.2513	1	5
616219	272	1	25.1289	41.0209	28.5163	10	5
32030654	14130	1	30.5729	37.6363	10.8136	10	5
32030877	14131	1	38.1324	30.7458	9.23631	0	1
32031053	14131	1	35.7798	35.1333	43.0217	10	5
